<?xml version="1.0" encoding="UTF-8" standalone="no" ?>
<SimscapeMultibodyImportXML version="2.0" xmlns="urn:mathworks:SimscapeMultibody:import" xmlns:xsi="http://www.w3.org/2001/XMLSchema-instance">
<Created by="" on="09/23/20||13:11:14" using="Simscape Multibody Link Version 7.0" from="SolidWorks 27.2.0"/>
<ModelUnits mass="kilogram" length="millimeter"/>
<DataUnits mass="kilogram" length="meter"/>
<RootAssembly name="MINI_CAD" uid="MINI_CAD" version="264">
<AssemblyFile name="MINI_CAD.SLDASM" type="SolidWorks Assembly"/>
<InstanceTree>
<Instance name="R_arm_02-1" uid="R_arm_02-1" entityUid="R_arm_02" rigid="true">
<Transform>
<Rotation>-0.98380989192079482 -0.041059932053627506 -0.17444821162323676 0 -0.97340062750404288 0.22910962086899681 -0.17921522412673013 0.22540031134514196 0.9576411661403863</Rotation>
<Translation>0.0021505826895205156 -0.056999999999999995 -0.011805718703049951</Translation>
</Transform>
<Instance name="Darwin-mini_frm_ext_02-1" uid="Darwin-mini_frm_ext_02-1" entityUid="Darwin-mini_frm_ext_02*:*Défaut">
<Transform>
<Rotation>1 0 0 0 1 0 0 0 1</Rotation>
<Translation>0 0.044999999999999478 1.1483869410966463e-15</Translation>
</Transform>
</Instance>
<Instance name="SP0-5-2" uid="SP0-5-2" entityUid="SP0-5*:*Défaut">
<Transform>
<Rotation>2.2204460492503131e-16 -1 2.2204460492503131e-16 0.70710678118654724 0 -0.70710678118654791 0.70710678118654791 3.8857805861880479e-16 0.70710678118654746</Rotation>
<Translation>0.013499999999999988 0 0</Translation>
</Transform>
</Instance>
<Instance name="hands-1" uid="hands-1" entityUid="hands" rigid="true">
<Transform>
<Rotation>-3.0531133177191805e-16 0 -0.99999999999999989 1.1657341758564144e-15 -0.99999999999999989 0 -1 -1.1102230246251565e-15 3.6082248300317588e-16</Rotation>
<Translation>0.0066558936126738738 0.053970713769669117 0.054013600857011644</Translation>
</Transform>
</Instance>
<Instance name="XL-320-2" uid="XL-320-2" entityUid="XL-320*:*Défaut">
<Transform>
<Rotation>-1.1102230246251565e-16 0 -0.99999999999999989 0 -0.99999999999999978 0 -1 0 1.6653345369377348e-16</Rotation>
<Translation>0 0 0</Translation>
</Transform>
<VisualProperties>
<Ambient r="1" g="1" b="1" a="1"/>
<Diffuse r="1" g="1" b="1" a="1"/>
<Specular r="0.5" g="0.5" b="0.5" a="1"/>
<Emissive r="0" g="0" b="0" a="1"/>
<Shininess>0.20000000298023224</Shininess>
</VisualProperties>
</Instance>
</Instance>
<Instance name="R_arm_03-1" uid="R_arm_03-1" entityUid="R_arm_03" rigid="true">
<Transform>
<Rotation>-0.98380989192079482 -0.045055311620007275 -0.17345926165419384 -1.0226736991969519e-16 -0.96788240228706324 0.25140337178133393 -0.17921522412672994 0.24733312402071755 0.95221228158607496</Rotation>
<Translation>0.00030288574710701912 -0.10080302823768134 -0.0016627046925169191</Translation>
</Transform>
<Instance name="hands-1" uid="hands-1" entityUid="hands" rigid="true">
<Transform>
<Rotation>-2.7755575615628909e-16 0 -1 1.1102230246251563e-15 -1 0 -1 -1.1102230246251563e-15 2.7755575615628904e-16</Rotation>
<Translation>0.006655893612673873 0.053970713769669151 0.054013600857011651</Translation>
</Transform>
</Instance>
<Instance name="SP0-5-1" uid="SP0-5-1" entityUid="SP0-5*:*Défaut">
<Transform>
<Rotation>-1.1102230246251565e-16 -0.99999999999999989 0 -0.61983245916838514 0 -0.78473417318304184 0.78473417318304195 0 -0.61983245916838514</Rotation>
<Translation>0.013499999999999998 0 0</Translation>
</Transform>
</Instance>
<Instance name="XL-320-1" uid="XL-320-1" entityUid="XL-320*:*Défaut">
<Transform>
<Rotation>1.3877787807814457e-16 0 -0.99999999999999989 0 -1 0 -1.0000000000000002 0 0</Rotation>
<Translation>0 0 0</Translation>
</Transform>
<VisualProperties>
<Ambient r="1" g="1" b="1" a="1"/>
<Diffuse r="1" g="1" b="1" a="1"/>
<Specular r="0.5" g="0.5" b="0.5" a="1"/>
<Emissive r="0" g="0" b="0" a="1"/>
<Shininess>0.20000000298023224</Shininess>
</VisualProperties>
</Instance>
<Instance name="hands_R-1" uid="hands_R-1" entityUid="hands_R" rigid="true">
<Transform>
<Rotation>-9.4368957093138306e-16 -2.2898349882893854e-16 -1 -1.27675647831893e-15 -1 2.3592239273284576e-16 -1.0000000000000002 1.2212453270876722e-15 9.7144514654701197e-16</Rotation>
<Translation>0.019000000000000003 0.032970733151987716 -0.00098657876033956052</Translation>
</Transform>
<Instance name="SPD-2" uid="SPD-2" entityUid="SPD*:*3b5">
<Transform>
<Rotation>0 -1 0 0 0 1 -0.99999999999999989 0 0</Rotation>
<Translation>0.0080134212396604891 -0.0030292668480122464 0.028000000000000004</Translation>
</Transform>
</Instance>
<Instance name="SPD-1" uid="SPD-1" entityUid="SPD*:*3b3">
<Transform>
<Rotation>1.0000000000000002 0 0 0 0 -1 0 0.99999999999999989 0</Rotation>
<Translation>-0.003986578760339525 0.0059707331519877477 0.01</Translation>
</Transform>
</Instance>
<Instance name="SPD-4" uid="SPD-4" entityUid="SPD*:*4b5">
<Transform>
<Rotation>0 0 -1 1.0000000000000004 -1.3877787807814457e-16 0 -1.3877787807814457e-16 -1 0</Rotation>
<Translation>-0.012986578760339519 -0.027029266848012268 0.028000000000000011</Translation>
</Transform>
</Instance>
<Instance name="SPL-2b2-7" uid="SPL-2b2-7" entityUid="SPL-2b2*:*Défaut">
<Transform>
<Rotation>1 0 0 0 1 0 0 0 1</Rotation>
<Translation>0.0020134212396604768 -0.039029266848012251 0.022000000000000006</Translation>
</Transform>
</Instance>
<Instance name="SPL-2b2-8" uid="SPL-2b2-8" entityUid="SPL-2b2*:*Défaut">
<Transform>
<Rotation>1 0 0 0 1 0 0 0 1</Rotation>
<Translation>0.0020134212396604699 -0.039029266848012223 0.010000000000000005</Translation>
</Transform>
</Instance>
<Instance name="SPL-2b2-9" uid="SPL-2b2-9" entityUid="SPL-2b2*:*Défaut">
<Transform>
<Rotation>0 1.0000000000000002 0 1 0 0 0 0 -0.99999999999999989</Rotation>
<Translation>-0.0099865787603395269 -0.021029266848012235 0.010000000000000007</Translation>
</Transform>
</Instance>
<Instance name="SPL-2b2-10" uid="SPL-2b2-10" entityUid="SPL-2b2*:*Défaut">
<Transform>
<Rotation>0 1.0000000000000002 0 1 0 0 0 0 -0.99999999999999989</Rotation>
<Translation>-0.0099865787603395165 -0.021029266848012262 0.022000000000000006</Translation>
</Transform>
</Instance>
<Instance name="SPL-2b2-11" uid="SPL-2b2-11" entityUid="SPL-2b2*:*Défaut">
<Transform>
<Rotation>3.8857805861880479e-16 0 -1.0000000000000002 0 -1 0 -1 0 -3.3306690738754696e-16</Rotation>
<Translation>0.008013421239660496 -0.0030292668480122464 0.021999999999999999</Translation>
</Transform>
</Instance>
<Instance name="SPD-9" uid="SPD-9" entityUid="SPD*:*3b5">
<Transform>
<Rotation>0 -1 0 0 0 1 -0.99999999999999989 0 0</Rotation>
<Translation>0.0080134212396604891 -0.0090292668480122795 0.028000000000000008</Translation>
</Transform>
</Instance>
<Instance name="SPU-5-1" uid="SPU-5-1" entityUid="SPU-5*:*Défaut">
<Transform>
<Rotation>1.0000000000000002 0 0 0 0 -1 0 0.99999999999999989 0</Rotation>
<Translation>-0.00098657876033952582 0.0089707331519877503 0.019</Translation>
</Transform>
</Instance>
<Instance name="SPL-2b2-1" uid="SPL-2b2-1" entityUid="SPL-2b2*:*Défaut">
<Transform>
<Rotation>1.0000000000000004 0 0 0 -1 0 0 0 -1</Rotation>
<Translation>0.0020134212396604803 -0.0030292668480122464 0.022000000000000006</Translation>
</Transform>
</Instance>
<Instance name="SP0-5-1" uid="SP0-5-1" grounded="true" entityUid="SP0-5*:*Défaut">
<Transform>
<Rotation>1 0 0 0 1 0 0 0 1</Rotation>
<Translation>-0.00098657876033951888 0.0014707331519877853 0.019</Translation>
</Transform>
</Instance>
<Instance name="SPL-2b2-2" uid="SPL-2b2-2" entityUid="SPL-2b2*:*Défaut">
<Transform>
<Rotation>1 0 -3.6082248300317588e-16 0 -1 0 -3.8857805861880479e-16 0 -1</Rotation>
<Translation>0.0020134212396604768 -0.0030292668480122464 0.010000000000000002</Translation>
</Transform>
</Instance>
</Instance>
</Instance>
<Instance name="L_leg_01-1" uid="L_leg_01-1" entityUid="L_leg_01" rigid="true">
<Transform>
<Rotation>-2.8407322421549071e-16 0 1 0.061657482751899521 0.99809736740495392 0 -0.99809736740495381 0.061657482751899785 -2.8065162249416099e-16</Rotation>
<Translation>0.014999999999999989 0.02436994489651138 -0.077988584204429737</Translation>
</Transform>
<Instance name="SP0-5-1" uid="SP0-5-1" entityUid="SP0-5*:*Défaut">
<Transform>
<Rotation>0.70710678118654935 -2.683233931565405e-15 0.70710678118654569 1.672273430841642e-15 1 2.1223923861978361e-15 -0.70710678118654569 -3.1828216567297657e-16 0.70710678118654935</Rotation>
<Translation>0 0.013500000000000005 0</Translation>
</Transform>
</Instance>
<Instance name="SPD-3" uid="SPD-3" entityUid="SPD*:*3b5">
<Transform>
<Rotation>1 0 0 0 1 0 0 0 1</Rotation>
<Translation>-0.014999999999999986 -0.0089999999999999785 -0.015000000000000001</Translation>
</Transform>
</Instance>
<Instance name="Darwin-mini_plate_cnvt_3x5-3" uid="Darwin-mini_plate_cnvt_3x5-3" entityUid="Darwin-mini_plate_cnvt_3x5*:*Défaut">
<Transform>
<Rotation>1 2.9734868408303171e-16 -1.2073675392798577e-15 6.9388939039072284e-16 1.4947176643583255e-16 1.0000000000000002 2.8409312810069645e-16 -1 1.5919672803327959e-16</Rotation>
<Translation>-0.0059999999999999915 0 -0.016500000000000008</Translation>
</Transform>
</Instance>
<Instance name="XL-320-4" uid="XL-320-4" entityUid="XL-320*:*Défaut">
<Transform>
<Rotation>1.8632638162051759e-16 1 3.0878077872387166e-15 1.4947176643583265e-16 2.5743296383495817e-15 -1.0000000000000002 -1 1.7307082563818272e-16 -1.5919672803327944e-16</Rotation>
<Translation>0 0 0</Translation>
</Transform>
<VisualProperties>
<Ambient r="1" g="1" b="1" a="1"/>
<Diffuse r="1" g="1" b="1" a="1"/>
<Specular r="0.5" g="0.5" b="0.5" a="1"/>
<Emissive r="0" g="0" b="0" a="1"/>
<Shininess>0.20000000298023224</Shininess>
</VisualProperties>
</Instance>
<Instance name="SPU-5-1" uid="SPU-5-1" entityUid="SPU-5*:*Défaut">
<Transform>
<Rotation>5.4671735961618862e-16 3.0322966360074588e-15 -1 1.4947176643582717e-16 -1.0000000000000002 -2.5188184871183239e-15 -1 -1.5919672803327308e-16 -5.3346180363385361e-16</Rotation>
<Translation>-0.023999999999999994 0 0</Translation>
</Transform>
</Instance>
</Instance>
<Instance name="L_leg_02-1" uid="L_leg_02-1" entityUid="L_leg_02" rigid="true">
<Transform>
<Rotation>-0.99756725844967931 -0.069710579320438545 4.3069931301986664e-16 0.0042981788420753952 -0.06150748603172293 0.99809736740495358 -0.069577945700003779 0.9956692544680017 0.061657482751901797</Rotation>
<Translation>0.014999999999999842 0.024369944896510624 -0.07798858420442982</Translation>
</Transform>
<Instance name="XL-320-3" uid="XL-320-3" entityUid="XL-320*:*Défaut">
<Transform>
<Rotation>1.0000000000000002 -1.3877787807814457e-16 1.1362438767648086e-16 0 -1 0 0 -1.3877787807814457e-16 -0.99999999999999989</Rotation>
<Translation>0 -0.044999999999999998 0</Translation>
</Transform>
<VisualProperties>
<Ambient r="1" g="1" b="1" a="1"/>
<Diffuse r="1" g="1" b="1" a="1"/>
<Specular r="0.5" g="0.5" b="0.5" a="1"/>
<Emissive r="0" g="0" b="0" a="1"/>
<Shininess>0.20000000298023224</Shininess>
</VisualProperties>
</Instance>
<Instance name="Darwin-mini_frm_ext_02-1" uid="Darwin-mini_frm_ext_02-1" entityUid="Darwin-mini_frm_ext_02*:*Défaut">
<Transform>
<Rotation>-1.6219664500383146e-16 2.2204460492503131e-16 -1.0000000000000002 0 1 1.2490009027033011e-16 0.99999999999999989 0 -1.1362438767648086e-16</Rotation>
<Translation>0 0 0</Translation>
</Transform>
</Instance>
<Instance name="SP0-5-2" uid="SP0-5-2" entityUid="SP0-5*:*Défaut">
<Transform>
<Rotation>0.92403089899484037 1.5785983631388945e-16 -0.38231779673824695 -0.38231779673824673 1.5959455978986625e-16 -0.92403089899484014 -1.6653345369377348e-16 0.99999999999999989 1.3877787807814457e-16</Rotation>
<Translation>0 -0.045000000000000026 0.013499999999999991</Translation>
</Transform>
</Instance>
</Instance>
<Instance name="L_leg_03-1" uid="L_leg_03-1" entityUid="L_leg_03" rigid="true">
<Transform>
<Rotation>0.069710579320445193 4.9396250978439582e-16 0.99756725844967864 0.061507486031720744 0.99809736740495381 -0.0042981788420757535 -0.99566925446800159 0.061657482751899417 0.069577945700010468</Rotation>
<Translation>0.018136976069420181 0.027137781767937567 -0.12279370065549108</Translation>
</Transform>
<Instance name="Darwin-mini_cvr_calf-1" uid="Darwin-mini_cvr_calf-1" entityUid="Darwin-mini_cvr_calf*:*Défaut">
<Transform>
<Rotation>-2.4910629115026946e-15 -2.2204460492503131e-16 1 1 2.9923979960599863e-16 2.4910629115026946e-15 -2.9923979960599917e-16 1 2.2204460492503057e-16</Rotation>
<Translation>0 0 0</Translation>
</Transform>
</Instance>
</Instance>
<Instance name="L_leg_04-1" uid="L_leg_04-1" entityUid="L_leg_04" rigid="true">
<Transform>
<Rotation>0.14055146773481045 6.979009384289192e-16 0.99007337350197977 0.061045431949809527 0.99809736740495414 -0.0086660496976134118 -0.98818962763006779 0.061657482751895858 0.14028404993101667</Rotation>
<Translation>0.021064820400878974 0.029721096181270897 -0.16461180934314712</Translation>
</Transform>
<Instance name="Darwin-mini_plate_cnvt_3x5-2" uid="Darwin-mini_plate_cnvt_3x5-2" entityUid="Darwin-mini_plate_cnvt_3x5*:*Défaut">
<Transform>
<Rotation>-1.0000000000000002 -2.7755575615628914e-16 -2.6090241078691179e-15 -2.6090241078691179e-15 0 1.0000000000000002 -3.0531133177191805e-16 1 0</Rotation>
<Translation>0 0 -0.016500000000000004</Translation>
</Transform>
</Instance>
<Instance name="SPD-1" uid="SPD-1" entityUid="SPD*:*3b7">
<Transform>
<Rotation>-1 3.4694469519536142e-15 0 -3.4694469519536142e-15 -1 0 0 0 1</Rotation>
<Translation>0.0089999999999999802 0.0090000000000004417 -0.014999999999999999</Translation>
</Transform>
</Instance>
<Instance name="XL-320-2" uid="XL-320-2" entityUid="XL-320*:*Défaut">
<Transform>
<Rotation>4.4408920985006262e-16 1 3.6706748751669238e-15 0 3.6637359812630166e-15 -1 -1 4.7184478546569153e-16 0</Rotation>
<Translation>0 0 0</Translation>
</Transform>
</Instance>
<Instance name="SP0-5-3" uid="SP0-5-3" entityUid="SP0-5*:*Défaut">
<Transform>
<Rotation>0.70710678118646608 -2.9212743335449431e-15 0.70710678118662917 2.0469737016526324e-15 1 2.0747292772682613e-15 -0.70710678118662895 0 0.70710678118646608</Rotation>
<Translation>0 0.0135000000000003 0</Translation>
</Transform>
</Instance>
</Instance>
<Instance name="L_leg_05-1" uid="L_leg_05-1" entityUid="L_leg_05" rigid="true">
<Transform>
<Rotation>0.13743419926002867 0.029437322503317848 0.99007337350197966 -0.14935158183558256 0.98874617803855402 -0.0086660496976133667 -0.9791863693275985 -0.14667801286487342 0.14028404993101715</Rotation>
<Translation>-0.011607600924686445 0.030007075821292906 -0.16924118299087054</Translation>
</Transform>
<Instance name="Darwin-mini_cvr_foot-1" uid="Darwin-mini_cvr_foot-1" entityUid="Darwin-mini_cvr_foot*:*Défaut">
<Transform>
<Rotation>8.6042284408449632e-16 -0.99999999999999989 -3.6082248300317588e-16 1 9.1593399531575415e-16 4.3021142204224816e-16 -4.2327252813834093e-16 -3.6082248300317588e-16 0.99999999999999989</Rotation>
<Translation>0.030000000000000027 0.0089999999999999941 0</Translation>
</Transform>
</Instance>
<Instance name="Darwin-mini_cvr_sole-1" uid="Darwin-mini_cvr_sole-1" entityUid="Darwin-mini_cvr_sole*:*Défaut">
<Transform>
<Rotation>9.7144514654701197e-16 -0.99999999999999978 -3.6082248300317588e-16 1 1.0547118733938987e-15 4.4408920985006262e-16 -4.3368086899420177e-16 -3.6082248300317588e-16 0.99999999999999989</Rotation>
<Translation>0.029999999999999971 0.0089999999999999802 0.030000000000000016</Translation>
</Transform>
</Instance>
<Instance name="XL-320-1" uid="XL-320-1" entityUid="XL-320*:*Défaut">
<Transform>
<Rotation>-1 -3.3306690738754696e-16 0 0 -1 -1.3183898417423734e-16 0 0 1</Rotation>
<Translation>0 0 0</Translation>
</Transform>
<VisualProperties>
<Ambient r="1" g="1" b="1" a="1"/>
<Diffuse r="1" g="1" b="1" a="1"/>
<Specular r="0.5" g="0.5" b="0.5" a="1"/>
<Emissive r="0" g="0" b="0" a="1"/>
<Shininess>0.20000000298023224</Shininess>
</VisualProperties>
</Instance>
</Instance>
<Instance name="L_arm_01-1" uid="L_arm_01-1" entityUid="L_arm_01" rigid="true">
<Transform>
<Rotation>0.96972483333754367 -0.24420022032846947 -1.3564389508887522e-16 1.8571795514621935e-16 1.8202857455775803e-16 0.99999999999999989 -0.24420022032846947 -0.96972483333754367 2.2186999469135213e-16</Rotation>
<Translation>0 0.057000000000000002 0</Translation>
</Transform>
<Instance name="Darwin-mini_frm_ext_01-1" uid="Darwin-mini_frm_ext_01-1" entityUid="Darwin-mini_frm_ext_01*:*Défaut">
<Transform>
<Rotation>0.99999999999999989 0 1.6653345369377348e-16 1.6653345369377348e-16 -1.1102230246251563e-16 -0.99999999999999989 0 0.99999999999999978 -1.1102230246251558e-16</Rotation>
<Translation>0 0.012 0</Translation>
</Transform>
</Instance>
</Instance>
<Instance name="R_arm_01-1" uid="R_arm_01-1" entityUid="R_arm_01" rigid="true">
<Transform>
<Rotation>-0.98380989192079493 0.17921522412672983 -1.6087792501529583e-16 0 -3.9497841960987678e-16 -0.99999999999999989 -0.17921522412672983 -0.98380989192079493 3.721721536122705e-16</Rotation>
<Translation>0 -0.057000000000000016 0</Translation>
</Transform>
<Instance name="Darwin-mini_frm_ext_01-1" uid="Darwin-mini_frm_ext_01-1" entityUid="Darwin-mini_frm_ext_01*:*Défaut">
<Transform>
<Rotation>1 0 1.6653345369377343e-16 1.6653345369377343e-16 -1.1102230246251568e-16 -1 0 1 -1.1102230246251568e-16</Rotation>
<Translation>0 0.012000000000000002 0</Translation>
</Transform>
</Instance>
</Instance>
<Instance name="L_arm_02-1" uid="L_arm_02-1" entityUid="L_arm_02" rigid="true">
<Transform>
<Rotation>0.96972483333754411 0.0084971908641086648 0.24405234142677512 1.3953287758706914e-16 0.99939443583837084 -0.034795999990005849 -0.244200220328468 0.033742545291121646 0.96913760273183314</Rotation>
<Translation>-0.0029304026439416595 0.057000000000000009 -0.011636698000050525</Translation>
</Transform>
<Instance name="Darwin-mini_frm_ext_02-1" uid="Darwin-mini_frm_ext_02-1" entityUid="Darwin-mini_frm_ext_02*:*Défaut">
<Transform>
<Rotation>1 0 0 0 1 0 0 0 1</Rotation>
<Translation>0 0.045000000000000005 0</Translation>
</Transform>
</Instance>
<Instance name="XL-320-5" uid="XL-320-5" entityUid="XL-320*:*Défaut">
<Transform>
<Rotation>1.9428902930940239e-16 0 1 -3.2612801348363973e-16 -1 0 0.99999999999999989 1.5959455978986625e-16 -1.9428902930940239e-16</Rotation>
<Translation>0 0 0</Translation>
</Transform>
<VisualProperties>
<Ambient r="1" g="1" b="1" a="1"/>
<Diffuse r="1" g="1" b="1" a="1"/>
<Specular r="0.5" g="0.5" b="0.5" a="1"/>
<Emissive r="0" g="0" b="0" a="1"/>
<Shininess>0.20000000298023224</Shininess>
</VisualProperties>
</Instance>
<Instance name="SP0-5-2" uid="SP0-5-2" entityUid="SP0-5*:*Défaut">
<Transform>
<Rotation>-3.053113317719179e-16 1 -3.5327080320384928e-16 0.70710678118654735 0 -0.70710678118654768 -0.70710678118654768 -4.6568789360967906e-16 -0.70710678118654735</Rotation>
<Translation>-0.013499999999999998 0 0</Translation>
</Transform>
</Instance>
<Instance name="hands-2" uid="hands-2" entityUid="hands" rigid="true">
<Transform>
<Rotation>3.6082248300317588e-16 -1.1275702593849246e-16 -1 -2.0122792321330962e-16 -0.99999999999999989 -1.4051260155412137e-16 -1 3.3306690738754696e-16 -2.7755575615628914e-16</Rotation>
<Translation>0.006655893612673853 0.053970713769669769 0.054013600857010541</Translation>
</Transform>
</Instance>
</Instance>
<Instance name="L_arm_03-1" uid="L_arm_03-1" entityUid="L_arm_03" rigid="true">
<Transform>
<Rotation>0.96972483333754389 0.021559983207945541 0.24324661299295874 0 0.9960949775793474 -0.088288139867136906 -0.24420022032846975 0.085615201718341111 0.96593803612149709</Rotation>
<Translation>-0.0025480290550567606 0.1019727496127267 -0.010118283461950031</Translation>
</Transform>
<Instance name="XL-320-4" uid="XL-320-4" entityUid="XL-320*:*Défaut">
<Transform>
<Rotation>0 0 1 1.3877787807814457e-16 -1 0 1 1.3877787807814457e-16 0</Rotation>
<Translation>0 0 0</Translation>
</Transform>
<VisualProperties>
<Ambient r="1" g="1" b="1" a="1"/>
<Diffuse r="1" g="1" b="1" a="1"/>
<Specular r="0.5" g="0.5" b="0.5" a="1"/>
<Emissive r="0" g="0" b="0" a="1"/>
<Shininess>0.20000000298023224</Shininess>
</VisualProperties>
</Instance>
<Instance name="SP0-5-1" uid="SP0-5-1" entityUid="SP0-5*:*Défaut">
<Transform>
<Rotation>0 1 2.8212598866974074e-16 -0.70710678118654757 -2.1911935547087994e-16 0.70710678118654746 0.70710678118654746 -1.7986704400378559e-16 0.70710678118654757</Rotation>
<Translation>-0.013500000000000005 0 0</Translation>
</Transform>
</Instance>
<Instance name="hands_L-1" uid="hands_L-1" entityUid="hands_L" rigid="true">
<Transform>
<Rotation>-1.1102230246251565e-16 0 -1 2.2204460492503131e-16 -1 0 -1 -2.2204460492503131e-16 1.1102230246251564e-16</Rotation>
<Translation>0.019000000000000017 0.032970733151987744 -0.00098657876033952582</Translation>
</Transform>
<Instance name="SPL-2b2-3" uid="SPL-2b2-3" entityUid="SPL-2b2*:*Défaut">
<Transform>
<Rotation>0 0 0.99999999999999989 0 -0.99999999999999978 0 1 0 0</Rotation>
<Translation>0.0080134212396604856 -0.0030292668480122464 0.016000000000000007</Translation>
</Transform>
</Instance>
<Instance name="SP0-5-1" uid="SP0-5-1" grounded="true" entityUid="SP0-5*:*Défaut">
<Transform>
<Rotation>1 0 0 0 1 0 0 0 1</Rotation>
<Translation>-0.00098657876033952235 0.0014707331519877576 0.01900000000000001</Translation>
</Transform>
</Instance>
<Instance name="SPU-5-1" uid="SPU-5-1" entityUid="SPU-5*:*Défaut">
<Transform>
<Rotation>1 0 0 0 0 -0.99999999999999978 0 1.0000000000000002 0</Rotation>
<Translation>-0.00098657876033952235 0.0089707331519877365 0.01900000000000001</Translation>
</Transform>
</Instance>
<Instance name="SPD-2" uid="SPD-2" entityUid="SPD*:*3b5">
<Transform>
<Rotation>0 -0.99999999999999989 0 0 0 0.99999999999999989 -1 0 0</Rotation>
<Translation>0.0080134212396604856 -0.0030292668480122464 0.028000000000000011</Translation>
</Transform>
</Instance>
<Instance name="SPD-1" uid="SPD-1" entityUid="SPD*:*3b3">
<Transform>
<Rotation>1 0 0 0 0 -0.99999999999999978 0 1.0000000000000002 0</Rotation>
<Translation>-0.003986578760339525 0.0059707331519877338 0.010000000000000005</Translation>
</Transform>
</Instance>
<Instance name="SPL-2b2-1" uid="SPL-2b2-1" entityUid="SPL-2b2*:*Défaut">
<Transform>
<Rotation>1 0 0 0 -0.99999999999999978 0 0 0 -0.99999999999999989</Rotation>
<Translation>0.0020134212396604838 -0.0030292668480122464 0.028000000000000011</Translation>
</Transform>
</Instance>
<Instance name="SPL-2b2-2" uid="SPL-2b2-2" entityUid="SPL-2b2*:*Défaut">
<Transform>
<Rotation>0.99999999999999989 0 -2.7755575615628914e-16 0 -1 0 -2.7755575615628914e-16 0 -0.99999999999999989</Rotation>
<Translation>0.0020134212396604803 -0.0030292668480122464 0.016</Translation>
</Transform>
</Instance>
<Instance name="SPD-4" uid="SPD-4" entityUid="SPD*:*4b5">
<Transform>
<Rotation>0 0 -1 0.99999999999999989 -1.3877787807814457e-16 0 -1.2490009027033011e-16 -1 0</Rotation>
<Translation>-0.012986578760339517 -0.027029266848012268 0.034000000000000016</Translation>
</Transform>
</Instance>
<Instance name="SPD-9" uid="SPD-9" entityUid="SPD*:*3b5">
<Transform>
<Rotation>0 -0.99999999999999989 0 0 0 0.99999999999999989 -1 0 0</Rotation>
<Translation>0.0080134212396604822 -0.009029266848012224 0.028000000000000021</Translation>
</Transform>
</Instance>
<Instance name="SPL-2b2-9" uid="SPL-2b2-9" entityUid="SPL-2b2*:*Défaut">
<Transform>
<Rotation>0 1 0 0.99999999999999978 0 0 0 0 -1.0000000000000002</Rotation>
<Translation>-0.0099865787603395199 -0.021029266848012235 0.016000000000000007</Translation>
</Transform>
</Instance>
<Instance name="SPL-2b2-10" uid="SPL-2b2-10" entityUid="SPL-2b2*:*Défaut">
<Transform>
<Rotation>0 1 0 0.99999999999999978 0 0 0 0 -1.0000000000000002</Rotation>
<Translation>-0.0099865787603395199 -0.021029266848012235 0.028000000000000011</Translation>
</Transform>
</Instance>
<Instance name="SPL-2b2-8" uid="SPL-2b2-8" entityUid="SPL-2b2*:*Défaut">
<Transform>
<Rotation>1 0 0 0 1 0 0 0 1</Rotation>
<Translation>0.0020134212396604803 -0.039029266848012251 0.016000000000000007</Translation>
</Transform>
</Instance>
<Instance name="SPL-2b2-7" uid="SPL-2b2-7" entityUid="SPL-2b2*:*Défaut">
<Transform>
<Rotation>1 0 0 0 1 0 0 0 1</Rotation>
<Translation>0.0020134212396604803 -0.039029266848012251 0.028000000000000011</Translation>
</Transform>
</Instance>
</Instance>
<Instance name="hands-2" uid="hands-2" entityUid="hands" rigid="true">
<Transform>
<Rotation>3.3306690738754696e-16 -1.0755285551056204e-16 -1 -2.2204460492503131e-16 -0.99999999999999978 1.1102230246251565e-16 -0.99999999999999989 1.9428902930940239e-16 -3.3306690738754696e-16</Rotation>
<Translation>0.00665589361267386 0.053970713769669762 0.054013600857010527</Translation>
</Transform>
</Instance>
</Instance>
<Instance name="R_Leg_01-2" uid="R_Leg_01-2" entityUid="R_Leg_01" rigid="true">
<Transform>
<Rotation>-1.1006097554341989e-15 1.9654214212124103e-16 1 -0.098317955741455937 0.99515505303385821 -3.0379960708944592e-16 -0.99515505303385821 -0.098317955741455937 -1.0759537379082949e-15</Rotation>
<Translation>0.014999999999999996 -0.024589907734448763 -0.077970930318203124</Translation>
</Transform>
<Instance name="SP0-5-1" uid="SP0-5-1" entityUid="SP0-5*:*Défaut">
<Transform>
<Rotation>0.21202885032982408 9.5756735873919752e-16 0.97726340698289382 0 -1 1.0130785099704553e-15 0.97726340698289371 -2.584767731021895e-16 -0.21202885032982405</Rotation>
<Translation>0 -0.013500000000000005 0</Translation>
</Transform>
</Instance>
<Instance name="SPU-5-1" uid="SPU-5-1" entityUid="SPU-5*:*Défaut">
<Transform>
<Rotation>-4.1789127509112146e-16 -8.0491169285323849e-16 -1 -3.8857805861880361e-16 1 -8.0491169285323849e-16 1.0000000000000002 3.3306690738754696e-16 -4.1789127509112107e-16</Rotation>
<Translation>-0.024 0 0</Translation>
</Transform>
</Instance>
<Instance name="XL-320-8" uid="XL-320-8" entityUid="XL-320*:*Défaut">
<Transform>
<Rotation>-1.1269264495957358e-15 1 -7.4940054162198066e-16 -4.4408920985006252e-16 7.4940054162198066e-16 1 1 1.126926449595736e-15 4.4408920985006158e-16</Rotation>
<Translation>0 0 0</Translation>
</Transform>
<VisualProperties>
<Ambient r="1" g="1" b="1" a="1"/>
<Diffuse r="1" g="1" b="1" a="1"/>
<Specular r="0.5" g="0.5" b="0.5" a="1"/>
<Emissive r="0" g="0" b="0" a="1"/>
<Shininess>0.20000000298023224</Shininess>
</VisualProperties>
</Instance>
<Instance name="SPD-3" uid="SPD-3" entityUid="SPD*:*3b5">
<Transform>
<Rotation>-1 0 -2.6837122707274812e-15 0 -1.0000000000000002 -6.1062266354383837e-16 -2.6837122707274812e-15 -2.2204460492503353e-16 1</Rotation>
<Translation>0.0030000000000000304 0.0089999999999999906 -0.014999999999999951</Translation>
</Transform>
</Instance>
<Instance name="Darwin-mini_plate_cnvt_3x5-3" uid="Darwin-mini_plate_cnvt_3x5-3" entityUid="Darwin-mini_plate_cnvt_3x5*:*Défaut">
<Transform>
<Rotation>-1 1.1367809724592397e-15 8.6042284408449632e-16 -8.6042284408449632e-16 4.4408920985006252e-16 -1 -1.1367809724592401e-15 -1 -4.4408920985006148e-16</Rotation>
<Translation>-0.0059999999999999915 0 -0.016500000000000015</Translation>
</Transform>
</Instance>
</Instance>
<Instance name="R_Leg_02-2" uid="R_Leg_02-2" entityUid="R_Leg_02" rigid="true">
<Transform>
<Rotation>0.27719910727403296 3.0119136351647303e-16 0.96081249727846441 -0.094465120583261286 0.99515505303385821 0.027253649560539009 -0.956157411684744 -0.098317955741455312 0.27585609230022851</Rotation>
<Translation>0.014999999999999996 -0.02458990773444877 -0.077970930318203138</Translation>
</Transform>
<Instance name="SP0-5-2" uid="SP0-5-2" entityUid="SP0-5*:*Défaut">
<Transform>
<Rotation>-0.70710678118654757 9.7144514654701197e-16 0.70710678118654768 -7.3552275381416621e-16 -0.99999999999999989 7.2164496600635175e-16 0.70710678118654779 -2.1857515797307769e-16 0.70710678118654735</Rotation>
<Translation>0.044999999999999998 -0.013499999999999956 0</Translation>
</Transform>
</Instance>
<Instance name="Darwin-mini_frm_ext_02-1" uid="Darwin-mini_frm_ext_02-1" entityUid="Darwin-mini_frm_ext_02*:*Défaut">
<Transform>
<Rotation>-8.0491169285323849e-16 -1 -7.7715611723760958e-16 0.99999999999999989 -8.1878948066105295e-16 -2.8102520310824275e-16 2.7755575615628914e-16 -7.7715611723760958e-16 0.99999999999999989</Rotation>
<Translation>0 0 0</Translation>
</Transform>
</Instance>
<Instance name="XL-320-7" uid="XL-320-7" entityUid="XL-320*:*Défaut">
<Transform>
<Rotation>-7.2164496600635175e-16 1 -7.7715611723760958e-16 -1.8041124150158794e-16 7.9103390504542404e-16 1 1 7.7715611723760958e-16 -2.7408630920433552e-16</Rotation>
<Translation>0.044999999999999998 0 0</Translation>
</Transform>
<VisualProperties>
<Ambient r="1" g="1" b="1" a="1"/>
<Diffuse r="1" g="1" b="1" a="1"/>
<Specular r="0.5" g="0.5" b="0.5" a="1"/>
<Emissive r="0" g="0" b="0" a="1"/>
<Shininess>0.20000000298023224</Shininess>
</VisualProperties>
</Instance>
</Instance>
<Instance name="R_Leg_03-2" uid="R_Leg_03-2" entityUid="R_Leg_03" rigid="true">
<Transform>
<Rotation>-0.2505842747250368 2.4307812707125009e-16 0.96809478939850058 -0.09518110065761512 0.99515505303385821 -0.024636933631921026 -0.96340442148566685 -0.098317955741455215 -0.24937020720344463</Rotation>
<Translation>0.027473959827331518 -0.028840838160695482 -0.12099801384401661</Translation>
</Transform>
<Instance name="Darwin-mini_cvr_calf-1" uid="Darwin-mini_cvr_calf-1" entityUid="Darwin-mini_cvr_calf*:*Défaut">
<Transform>
<Rotation>-9.4368957093138306e-16 -1.27675647831893e-15 1 0.99999999999999989 1.0755285551056204e-16 9.8532293435482643e-16 -1.0408340855860843e-16 1 1.0269562977782698e-15</Rotation>
<Translation>0 0 0</Translation>
</Transform>
</Instance>
</Instance>
<Instance name="R_Leg_04-2" uid="R_Leg_04-2" entityUid="R_Leg_04" rigid="true">
<Transform>
<Rotation>-0.34095057692171271 3.4005247887200485e-16 0.94008122207432221 -0.092426863985276678 0.99515505303385809 -0.033521563731813045 -0.93552657840950648 -0.098317955741455673 -0.33929868945845149</Rotation>
<Translation>0.016949420288880003 -0.032838444388315242 -0.16146099954641566</Translation>
</Transform>
<Instance name="Darwin-mini_plate_cnvt_3x5-2" uid="Darwin-mini_plate_cnvt_3x5-2" entityUid="Darwin-mini_plate_cnvt_3x5*:*Défaut">
<Transform>
<Rotation>-1 -2.498001805406601e-15 -1.4294121442048904e-15 -1.429412144204889e-15 -6.0368376963992887e-16 0.99999999999999989 -2.4980018054066022e-15 0.99999999999999989 6.0368376963992532e-16</Rotation>
<Translation>0 0 -0.01649999999999998</Translation>
</Transform>
</Instance>
<Instance name="XL-320-6" uid="XL-320-6" entityUid="XL-320*:*Défaut">
<Transform>
<Rotation>-1.1102230246251565e-15 1 -9.7144514654701197e-16 -3.8857805861880479e-16 9.7144514654701197e-16 1 0.99999999999999978 1.0547118733938987e-15 -1.1102230246251565e-16</Rotation>
<Translation>0 0 0</Translation>
</Transform>
</Instance>
<Instance name="SPD-1" uid="SPD-1" entityUid="SPD*:*3b7">
<Transform>
<Rotation>-1 0 -2.6645352591003757e-15 0 -1 -6.106226635438361e-16 -2.6645352591003757e-15 -2.1510571102112408e-16 0.99999999999999978</Rotation>
<Translation>0.009000000000000008 0.0090000000000000045 -0.014999999999999951</Translation>
</Transform>
</Instance>
<Instance name="SP0-5-3" uid="SP0-5-3" entityUid="SP0-5*:*Défaut">
<Transform>
<Rotation>-0.70710678118646275 1.3710938941807615e-15 0.70710678118663217 -8.7430063189231068e-16 -1 1.0647189485450404e-15 0.70710678118663217 1.3464608296710813e-16 0.70710678118646275</Rotation>
<Translation>0 -0.013499999999999998 0</Translation>
</Transform>
</Instance>
</Instance>
<Instance name="R_Leg_05-2" uid="R_Leg_05-2" entityUid="R_Leg_05" rigid="true">
<Transform>
<Rotation>-0.34074272514476173 0.011903409770718102 0.94008122207432243 -0.057627247053398237 0.99777522777528427 -0.033521563731814176 -0.9383887763917298 -0.065596521811829692 -0.33929868945845071</Rotation>
<Translation>-0.01407326003957258 -0.031732232785165342 -0.15026414279428668</Translation>
</Transform>
<Instance name="XL-320-5" uid="XL-320-5" entityUid="XL-320*:*Défaut">
<Transform>
<Rotation>1 0 0 0 1 0 0 0 1</Rotation>
<Translation>0 0 0</Translation>
</Transform>
<VisualProperties>
<Ambient r="1" g="1" b="1" a="1"/>
<Diffuse r="1" g="1" b="1" a="1"/>
<Specular r="0.5" g="0.5" b="0.5" a="1"/>
<Emissive r="0" g="0" b="0" a="1"/>
<Shininess>0.20000000298023224</Shininess>
</VisualProperties>
</Instance>
<Instance name="Darwin-mini_cvr_foot-1" uid="Darwin-mini_cvr_foot-1" entityUid="Darwin-mini_cvr_foot*:*Défaut">
<Transform>
<Rotation>-8.3266726846886741e-16 -1 -2.6090241078691171e-15 0.99999999999999989 -8.3266726846886602e-16 -5.5511151231258044e-16 5.5511151231257827e-16 -2.6090241078691179e-15 0.99999999999999989</Rotation>
<Translation>0.029999999999999971 -0.0089999999999999108 0</Translation>
</Transform>
</Instance>
<Instance name="Darwin-mini_cvr_sole-1" uid="Darwin-mini_cvr_sole-1" entityUid="Darwin-mini_cvr_sole*:*Défaut">
<Transform>
<Rotation>-8.3266726846886741e-16 -1 -2.6090241078691179e-15 1 -8.5348395018058909e-16 -1.0026701691145945e-15 5.620504062164855e-16 -2.6090241078691179e-15 0.99999999999999978</Rotation>
<Translation>0.029999999999999888 -0.0089999999999999317 0.030000000000000304</Translation>
</Transform>
</Instance>
</Instance>
<Instance name="Body-1" uid="Body-1" entityUid="Body" rigid="true">
<Transform>
<Rotation>1 0 0 0 1 0 0 0 1</Rotation>
<Translation>0 0 0</Translation>
</Transform>
<Instance name="Body_cover-1" uid="Body_cover-1" entityUid="Body_cover*:*Défaut">
<Transform>
<Rotation>-1.1375859119143697e-16 8.8817841970012523e-16 0.99999999999999989 1 -3.3447044758406605e-16 1.1375859119143729e-16 3.344704475840661e-16 0.99999999999999989 -8.8817841970012523e-16</Rotation>
<Translation>0 0 0</Translation>
</Transform>
</Instance>
<Instance name="SPU-5-5" uid="SPU-5-5" entityUid="SPU-5*:*Défaut">
<Transform>
<Rotation>-2.1530512581402264e-16 1.0000000000000002 0 -1 -2.153051258140222e-16 0 0 0 1.0000000000000002</Rotation>
<Translation>-0.017999999999999995 0.024000000000000004 -0.047999999999999945</Translation>
</Transform>
</Instance>
<Instance name="SPU-5-3" uid="SPU-5-3" entityUid="SPU-5*:*Défaut">
<Transform>
<Rotation>0 1.1375859119143717e-16 1.0000000000000002 -5.0112634699879899e-16 -1 1.1375859119143714e-16 1.0000000000000002 -5.0112634699879899e-16 0</Rotation>
<Translation>0.024000000000000004 -0.024000000000000004 0</Translation>
</Transform>
</Instance>
<Instance name="Darwin-mini_frm_body-1" uid="Darwin-mini_frm_body-1" entityUid="Darwin-mini_frm_body*:*Défaut">
<Transform>
<Rotation>-1.1375859119143707e-16 0 1.0000000000000002 1 0 1.1375859119143712e-16 0 1.0000000000000002 0</Rotation>
<Translation>0.015000000000000003 0 -0.041999999999999961</Translation>
</Transform>
</Instance>
<Instance name="Darwin-mini_bat_box-2" uid="Darwin-mini_bat_box-2" entityUid="Darwin-mini_bat_box" rigid="true">
<Transform>
<Rotation>0 -1.1649487992035831e-16 1.0000000000000002 0 1 1.1649487992035833e-16 -1.0000000000000002 0 0</Rotation>
<Translation>-0.020999999999999991 0 -0.029999999999999971</Translation>
</Transform>
<Instance name="Darwin-mini_bat_box.stp-1" uid="Darwin-mini_bat_box.stp-1" grounded="true" entityUid="Darwin-mini_bat_box.stp" rigid="true">
<Transform>
<Rotation>1 0 0 0 1 0 0 0 1</Rotation>
<Translation>0 0 0</Translation>
</Transform>
<Instance name="DARWIN-MINI_LBB-040.stp-1" uid="DARWIN-MINI_LBB-040.stp-1" grounded="true" entityUid="DARWIN-MINI_LBB-040.stp*:*Default">
<Transform>
<Rotation>1 0 0 0 1 0 0 0 1</Rotation>
<Translation>0 0 0</Translation>
</Transform>
</Instance>
<Instance name="DARWIN-MINI_LB-040.stp-1" uid="DARWIN-MINI_LB-040.stp-1" grounded="true" entityUid="DARWIN-MINI_LB-040.stp*:*Default">
<Transform>
<Rotation>1 0 0 0 0 1 0 -1 0</Rotation>
<Translation>0 -0.0001 -0.0016000000000000007</Translation>
</Transform>
</Instance>
</Instance>
</Instance>
<Instance name="SPU-5-4" uid="SPU-5-4" entityUid="SPU-5*:*Défaut">
<Transform>
<Rotation>0 -1.1375859119143707e-16 1.0000000000000002 3.3447044758406576e-16 1 1.1375859119143712e-16 -1.0000000000000002 3.3447044758406571e-16 0</Rotation>
<Translation>0.023999999999999997 0.024000000000000011 0</Translation>
</Transform>
</Instance>
<Instance name="Darwin-mini_bat_box-1" uid="Darwin-mini_bat_box-1" entityUid="Darwin-mini_bat_box" rigid="true">
<Transform>
<Rotation>-1.0000000000000002 1.1375859119143699e-16 0 -1.1375859119143697e-16 -1 0 0 0 1.0000000000000002</Rotation>
<Translation>0.012000000000000005 0 -0.029999999999999971</Translation>
</Transform>
<Instance name="Darwin-mini_bat_box.stp-1" uid="Darwin-mini_bat_box.stp-1" grounded="true" entityUid="Darwin-mini_bat_box.stp" rigid="true">
<Transform>
<Rotation>1 0 0 0 1 0 0 0 1</Rotation>
<Translation>0 0 0</Translation>
</Transform>
<Instance name="DARWIN-MINI_LBB-040.stp-1" uid="DARWIN-MINI_LBB-040.stp-1" grounded="true" entityUid="DARWIN-MINI_LBB-040.stp*:*Default">
<Transform>
<Rotation>1 0 0 0 1 0 0 0 1</Rotation>
<Translation>0 0 0</Translation>
</Transform>
</Instance>
<Instance name="DARWIN-MINI_LB-040.stp-1" uid="DARWIN-MINI_LB-040.stp-1" grounded="true" entityUid="DARWIN-MINI_LB-040.stp*:*Default">
<Transform>
<Rotation>1 0 0 0 0 1 0 -1 0</Rotation>
<Translation>0 -9.9999999999999991e-05 -0.0015999999999999973</Translation>
</Transform>
</Instance>
</Instance>
</Instance>
<Instance name="XL-320-4" uid="XL-320-4" entityUid="XL-320*:*Défaut">
<Transform>
<Rotation>-6.0775600518677058e-16 1.224646799147421e-16 1 -1.0000000000000002 0 -6.0775600518677038e-16 0 -1.0000000000000002 1.2246467991474156e-16</Rotation>
<Translation>-0.017999999999999999 -0.024 -0.071999999999999967</Translation>
</Transform>
</Instance>
<Instance name="SPU-5-6" uid="SPU-5-6" entityUid="SPU-5*:*Défaut">
<Transform>
<Rotation>-6.0775600518671763e-16 1.0000000000000002 0 -1 -6.0775600518671881e-16 0 0 0 1.0000000000000002</Rotation>
<Translation>-0.017999999999999985 -0.02399999999999999 -0.047999999999999945</Translation>
</Transform>
</Instance>
<Instance name="XL-320-1" uid="XL-320-1" entityUid="XL-320*:*Défaut">
<Transform>
<Rotation>0 -1.0000000000000002 -1.1375859119143625e-16 3.3447044758406453e-16 -1.137585911914364e-16 1 -1.0000000000000002 0 3.3447044758406467e-16</Rotation>
<Translation>0 0.024000000000000011 0</Translation>
</Transform>
</Instance>
<Instance name="XL-320-2" uid="XL-320-2" entityUid="XL-320*:*Défaut">
<Transform>
<Rotation>-2.2204460492503121e-16 -1 1.1375859119143746e-16 -5.0112634699879879e-16 -1.1375859119143734e-16 -1 1 -2.2204460492503141e-16 -5.0112634699879879e-16</Rotation>
<Translation>0 -0.024000000000000011 0</Translation>
</Transform>
</Instance>
<Instance name="Head-1" uid="Head-1" entityUid="Head" rigid="true">
<Transform>
<Rotation>1.1375859119143692e-16 8.2797759510939857e-16 -1 -1 -4.3992569945333016e-16 -1.1375859119143724e-16 -4.3992569945333026e-16 1 8.2797759510939857e-16</Rotation>
<Translation>0.0060000000000000331 0 0.03599999999999999</Translation>
</Transform>
<Instance name="Darwin-mini_cvr_head_solid-1" uid="Darwin-mini_cvr_head_solid-1" entityUid="Darwin-mini_cvr_head_solid*:*Default">
<Transform>
<Rotation>-1 0 0 0 1 -2.4492935982947079e-16 0 -2.4492935982947069e-16 -1</Rotation>
<Translation>0 -0.0020000000000000087 -0.021000000000000005</Translation>
</Transform>
</Instance>
<Instance name="XL-320_Dummy-1" uid="XL-320_Dummy-1" entityUid="XL-320_Dummy*:*Défaut">
<Transform>
<Rotation>1 0 0 0 1.2246467991473544e-16 -1 0 1 1.2246467991473535e-16</Rotation>
<Translation>0 0 0</Translation>
</Transform>
</Instance>
</Instance>
<Instance name="XL-320-3" uid="XL-320-3" entityUid="XL-320*:*Défaut">
<Transform>
<Rotation>-2.1530512581402215e-16 0 1 -1 2.0095145075975384e-16 -2.1530512581402215e-16 -2.0095145075975384e-16 -1 0</Rotation>
<Translation>-0.018000000000000009 0.024 -0.071999999999999981</Translation>
</Transform>
</Instance>
</Instance>
</InstanceTree>
<Constraints>
<Coincident name="Coincident1">
<ConstraintGeometry geomType="plane">
<InstancePath>
<Uid>Body-1</Uid>
</InstancePath>
<Position>0 0 0</Position>
<Axis>0 1 0</Axis>
</ConstraintGeometry>
<ConstraintGeometry geomType="plane">
