<?xml version="1.0" encoding="UTF-8" standalone="no" ?>
<SimscapeMultibodyImportXML version="2.0" xmlns="urn:mathworks:SimscapeMultibody:import" xmlns:xsi="http://www.w3.org/2001/XMLSchema-instance">
<Created by="" on="01/18/21||12:42:50" using="Simscape Multibody Link Version 7.2" from="SolidWorks 28.2.0"/>
<ModelUnits mass="kilogram" length="millimeter"/>
<DataUnits mass="kilogram" length="meter"/>
<RootAssembly name="MINI_CAD" uid="MINI_CAD" version="506">
<AssemblyFile name="MINI_CAD.SLDASM" type="SolidWorks Assembly"/>
<InstanceTree>
<Instance name="Upgraded_Body-1" uid="Upgraded_Body-1" entityUid="Upgraded_Body" rigid="true">
<Transform>
<Rotation>1 0 0 0 1 0 0 0 1</Rotation>
<Translation>0 0 0</Translation>
</Transform>
<Instance name="Copy of Upgraded Body^Upgraded_Body-1" uid="Copy of Upgraded Body^Upgraded_Body-1" entityUid="Copy of Upgraded Body^Upgraded_Body" rigid="true">
<Transform>
<Rotation>0.94592806012942166 0.32437648660127871 0 -0.32437648660127871 0.94592806012942166 0 0 0 1</Rotation>
<Translation>0.023472813017696187 0.0035105324805314864 0.0061990421317091688</Translation>
</Transform>
<Instance name="m2x6-4" uid="m2x6-4" entityUid="m2x6*:*91290A013">
<Transform>
<Rotation>-0.92372802134706822 -0.38304900806323777 0 -0.38304900806323777 0.92372802134706811 0 0 0 -1</Rotation>
<Translation>-0.017306307141140551 -0.043475073127009989 0.012804791314723521</Translation>
</Transform>
</Instance>
<Instance name="m2x6-2" uid="m2x6-2" entityUid="m2x6*:*91290A013">
<Transform>
<Rotation>0.48285972490241913 -0.8756977138642994 0 -0.8756977138642994 -0.48285972490241913 0 0 0 -1</Rotation>
<Translation>-0.041553639711687088 -0.010978166917136496 0.011706362751051934</Translation>
</Transform>
</Instance>
<Instance name="u2d2-1" uid="u2d2-1" entityUid="u2d2*:*Default">
<Transform>
<Rotation>0.32437648660127893 0 0.94592806012942143 -0.94592806012942143 -1.0157494413361762e-16 0.32437648660127893 1.0906370006125863e-16 -1 0</Rotation>
<Translation>-0.042307437544875898 -0.022976451745672612 0.0088009578682908332</Translation>
</Transform>
</Instance>
<Instance name="Upgrade_Body_cover_v2-1" uid="Upgrade_Body_cover_v2-1" grounded="true" entityUid="Upgrade_Body_cover_v2*:*Default">
<Transform>
<Rotation>-0.32437648660127855 0 0.94592806012942154 0.94592806012942154 1.0914856018501843e-16 0.32437648660127855 -1.0099587177628533e-16 1 0</Rotation>
<Translation>-0.021064858291475516 -0.010934739796659522 -0.0061990421317091688</Translation>
</Transform>
</Instance>
<Instance name="orangePiLite_2-1" uid="orangePiLite_2-1" entityUid="orangePiLite_2*:*Default">
<Transform>
<Rotation>0 -0.94592806012942154 0.32437648660127855 2.5255247323806327e-16 -0.32437648660127855 -0.94592806012942154 1 0 2.6940306774755687e-16</Rotation>
<Translation>-0.059491809511900084 -0.021924284716996569 -0.025625665464536918</Translation>
</Transform>
</Instance>
<Instance name="VoltageRegulator-1" uid="VoltageRegulator-1" entityUid="VoltageRegulator*:*Default">
<Transform>
<Rotation>0.32437648660127855 0.94592806012942166 1.0015822831901115e-16 -0.94592806012942166 0.32437648660127855 0 0 -1.0320126087773894e-16 0.99999999999999989</Rotation>
<Translation>-0.056951373723702868 -0.013841664655080846 0.016690362751051929</Translation>
</Transform>
</Instance>
<Instance name="m2x6-1" uid="m2x6-1" entityUid="m2x6*:*91290A013">
<Transform>
<Rotation>0.99998151149868775 -6.340054123643586e-06 0.0060808404521112145 -6.3400541236435216e-06 0.99999782587644037 0.0020852343265607243 -0.0060808404521112119 -0.0020852343265607238 0.99997933737512767</Rotation>
<Translation>-0.0035062503406011469 -0.012842284904306759 0.010278154064137537</Translation>
</Transform>
</Instance>
<Instance name="m2x6-3" uid="m2x6-3" entityUid="m2x6*:*91290A013">
<Transform>
<Rotation>-0.2914075339342368 -0.95657967391418208 0.0060808404521112179 0.95659897530549898 -0.29140015827427623 0.0020852343265607243 -0.0002227349019502862 0.0064245787382638947 0.99997933737512756</Rotation>
<Translation>-0.02242442063605633 -0.019329680586939124 0.010406722836085791</Translation>
</Transform>
</Instance>
<Instance name="PowerBoard-1" uid="PowerBoard-1" entityUid="PowerBoard" rigid="true">
<Transform>
<Rotation>-0.32437648660127949 0 0.94592806012942132 0.94592806012942143 2.3161324009975189e-16 0.32437648660127943 -2.1683864888239774e-16 0.99999999999999989 0</Rotation>
<Translation>-0.057783303533583061 -0.056209421657696525 -0.00023555827721505329</Translation>
</Transform>
<Instance name="3pin Molex-3" uid="3pin Molex-3" entityUid="3pin Molex*:*Default">
<Transform>
<Rotation>-1.1102230246251588e-16 0 0.99999999999999989 0 1 0 -0.99999999999999989 0 -1.1102230246251588e-16</Rotation>
<Translation>0.0072409917246909865 0.021790349591938582 0.036419049912908952</Translation>
</Transform>
</Instance>
<Instance name="PowerBoardBase-1" uid="PowerBoardBase-1" grounded="true" entityUid="PowerBoardBase*:*Default">
<Transform>
<Rotation>1 0 0 0 1 0 0 0 1</Rotation>
<Translation>0.0069159917246907898 0.017340349591938583 0.02941904991290898</Translation>
</Transform>
</Instance>
<Instance name="BatteryConnector-1" uid="BatteryConnector-1" entityUid="BatteryConnector*:*Default">
<Transform>
<Rotation>1 0 0 0 0 0.99999999999999978 0 -0.99999999999999978 0</Rotation>
<Translation>0.0039159917246910994 0.025090349591938583 0.044419049912908973</Translation>
</Transform>
</Instance>
<Instance name="BatteryConnector-2" uid="BatteryConnector-2" entityUid="BatteryConnector*:*Default">
<Transform>
<Rotation>1 0 0 0 0 0.99999999999999978 0 -0.99999999999999978 0</Rotation>
<Translation>0.0099159917246910978 0.025090349591938583 0.044419049912908966</Translation>
</Transform>
</Instance>
<Instance name="3pin Molex-1" uid="3pin Molex-1" entityUid="3pin Molex*:*Default">
<Transform>
<Rotation>-1.1102230246251588e-16 0 0.99999999999999989 0 1 0 -0.99999999999999989 0 -1.1102230246251588e-16</Rotation>
<Translation>0.01124099172469099 0.021790349591938579 0.036419049912908959</Translation>
</Transform>
</Instance>
<Instance name="3pin Molex-2" uid="3pin Molex-2" entityUid="3pin Molex*:*Default">
<Transform>
<Rotation>-1.1102230246251558e-16 0 1 0 0.99999999999999978 0 -0.99999999999999978 0 -1.1102230246251553e-16</Rotation>
<Translation>0.0032409917246909968 0.021790349591938582 0.036419049912908973</Translation>
</Transform>
</Instance>
<Instance name="3pin Molex-5" visible="false" uid="3pin Molex-5" entityUid="3pin Molex*:*Default">
<Transform>
<Rotation>0 0 -1 0 0.99999999999999978 0 0.99999999999999978 0 0</Rotation>
<Translation>0.0025909917246909123 0.021790349591938582 0.028419049912908969</Translation>
</Transform>
</Instance>
<Instance name="CUI_DEVICES_PJ-102B-1" uid="CUI_DEVICES_PJ-102B-1" entityUid="CUI_DEVICES_PJ-102B*:*Default">
<Transform>
<Rotation>-1 0 -1.0204255741040038e-16 0 1 2.7755575615628914e-16 1.0204255741040038e-16 2.7755575615628914e-16 -1</Rotation>
<Translation>-0.0030840082753092121 0.025540349591938582 0.018419049912908995</Translation>
</Transform>
</Instance>
<Instance name="3pin Molex-4" uid="3pin Molex-4" entityUid="3pin Molex*:*Default">
<Transform>
<Rotation>0 0 -1 0 0.99999999999999978 0 0.99999999999999978 0 0</Rotation>
<Translation>0.010590991724690954 0.021790349591938579 0.028419049912908972</Translation>
</Transform>
</Instance>
<Instance name="3pin Molex-6" uid="3pin Molex-6" entityUid="3pin Molex*:*Default">
<Transform>
<Rotation>0 0 -1 0 0.99999999999999978 0 0.99999999999999978 0 0</Rotation>
<Translation>0.0065909917246909124 0.021790349591938582 0.028419049912908969</Translation>
</Transform>
</Instance>
</Instance>
<Instance name="m2x6-5" uid="m2x6-5" entityUid="m2x6*:*91290A013">
<Transform>
<Rotation>0.69962988397331272 -0.7145054411629691 0 -0.7145054411629691 -0.69962988397331272 0 0 0 -0.99999999999999989</Rotation>
<Translation>-0.047090460490125899 -0.036774012816572769 0.012804791314723521</Translation>
</Transform>
</Instance>
<Instance name="m2x6-7" uid="m2x6-7" entityUid="m2x6*:*91290A013">
<Transform>
<Rotation>0.99998151149868764 -6.3400541236990972e-06 0.0060808404521112578 -6.3400541235324993e-06 0.99999782587644015 0.0020852343265607425 -0.006080840452111257 -0.0020852343265607412 0.99997933737512756</Rotation>
<Translation>-0.0084497479964046347 0.001573658732065622 0.010278154064137571</Translation>
</Transform>
</Instance>
<Instance name="m2x6-8" uid="m2x6-8" entityUid="m2x6*:*91290A013">
<Transform>
<Rotation>0.94823455752638042 -0.31757081716170033 0 -0.31757081716170033 -0.94823455752638042 0 0 0 -1</Rotation>
<Translation>-0.02249633092676101 -0.028340224164939233 0.012804791314723524</Translation>
</Transform>
</Instance>
<Instance name="m2x6-6" uid="m2x6-6" entityUid="m2x6*:*91290A013">
<Transform>
<Rotation>0.41237909882169532 -0.91101233737804377 0 -0.91101233737804377 -0.41237909882169532 0 0 0 -1</Rotation>
<Translation>-0.04976309289484681 -0.027756349370355586 0.011706362751051934</Translation>
</Transform>
</Instance>
<Instance name="bno055-1" uid="bno055-1" entityUid="bno055*:*Default">
<Transform>
<Rotation>0.94590851477275906 0.0060808404521112596 0.32437648660127866 0.3243697841316186 0.0020852343265607425 -0.94592806012942166 -0.0064284385974122714 0.99997933737512756 1.0337867714649287e-16</Rotation>
<Translation>-0.015473569358943147 -0.0088905223333961142 0.0043425624258608799</Translation>
</Transform>
</Instance>
<Instance name="Rivet-1" uid="Rivet-1" entityUid="Rivet" rigid="true">
<Transform>
<Rotation>-0.92372802134706811 0 0.38304900806323783 -0.38304900806323783 -1.0914856018501846e-16 -0.92372802134706811 0 -1 0</Rotation>
<Translation>-0.055644797383719052 0.0056819477448704012 0.01597774213724917</Translation>
</Transform>
<Instance name="River_01-1" uid="River_01-1" grounded="true" entityUid="River_01*:*Default">
<Transform>
<Rotation>1 0 0 0 1 0 0 0 1</Rotation>
<Translation>0.0033289483092811857 0.001241062539209227 0.010246542901086945</Translation>
</Transform>
<VisualProperties>
<Ambient r="0.792156862745098" g="0.81960784313725488" b="0.93333333333333335" a="0.25"/>
<Diffuse r="0.792156862745098" g="0.81960784313725488" b="0.93333333333333335" a="0.25"/>
<Specular r="0.396078431372549" g="0.40980392156862744" b="0.46666666666666667" a="0.25"/>
<Emissive r="0" g="0" b="0" a="0.25"/>
<Shininess>0.40000000596046448</Shininess>
</VisualProperties>
</Instance>
<Instance name="River_02-1" uid="River_02-1" entityUid="River_02*:*Default">
<Transform>
<Rotation>-0.31704899424289334 0 -0.94840916025182409 0 -1 0 -0.94840916025182409 0 0.31704899424289323</Rotation>
<Translation>0.0033289483092811857 0.009081062539209225 0.010246542901086939</Translation>
</Transform>
</Instance>
</Instance>
<Instance name="Rivet-2" uid="Rivet-2" entityUid="Rivet" rigid="true">
<Transform>
<Rotation>0.27918115950081746 0 0.96023844964663829 -0.96023844964663829 -1.0914856018501843e-16 0.27918115950081746 1.0287143576747884e-16 -1 0</Rotation>
<Translation>-0.0542122795212071 -0.00082976112788945428 0.015977742137249177</Translation>
</Transform>
<Instance name="River_01-1" uid="River_01-1" grounded="true" entityUid="River_01*:*Default">
<Transform>
<Rotation>1 0 0 0 1 0 0 0 1</Rotation>
<Translation>0.0033289483092811857 0.0012410625392092235 0.010246542901086939</Translation>
</Transform>
<VisualProperties>
<Ambient r="0.792156862745098" g="0.81960784313725488" b="0.93333333333333335" a="0.25"/>
<Diffuse r="0.792156862745098" g="0.81960784313725488" b="0.93333333333333335" a="0.25"/>
<Specular r="0.396078431372549" g="0.40980392156862744" b="0.46666666666666667" a="0.25"/>
<Emissive r="0" g="0" b="0" a="0.25"/>
<Shininess>0.40000000596046448</Shininess>
</VisualProperties>
</Instance>
<Instance name="River_02-1" uid="River_02-1" entityUid="River_02*:*Default">
<Transform>
<Rotation>-0.31704899424289318 0 -0.94840916025182398 0 -1 0 -0.94840916025182398 0 0.31704899424289318</Rotation>
<Translation>0.0033289483092811822 0.0090810625392092215 0.010246542901086932</Translation>
</Transform>
</Instance>
</Instance>
<Instance name="Rivet-3" uid="Rivet-3" entityUid="Rivet" rigid="true">
<Transform>
<Rotation>0.36680533840809626 0 0.93029771778464687 -0.93029771778464687 -1.0914856018501824e-16 0.36680533840809626 0 -1 0</Rotation>
<Translation>-0.051924511174218153 -0.045448773549597081 0.01597774213724918</Translation>
</Transform>
<Instance name="River_01-1" uid="River_01-1" grounded="true" entityUid="River_01*:*Default">
<Transform>
<Rotation>1 0 0 0 1 0 0 0 1</Rotation>
<Translation>0.0033289483092811822 0.0012410625392092235 0.010246542901086932</Translation>
</Transform>
<VisualProperties>
<Ambient r="0.792156862745098" g="0.81960784313725488" b="0.93333333333333335" a="0.25"/>
<Diffuse r="0.792156862745098" g="0.81960784313725488" b="0.93333333333333335" a="0.25"/>
<Specular r="0.396078431372549" g="0.40980392156862744" b="0.46666666666666667" a="0.25"/>
<Emissive r="0" g="0" b="0" a="0.25"/>
<Shininess>0.40000000596046448</Shininess>
</VisualProperties>
</Instance>
<Instance name="River_02-1" uid="River_02-1" entityUid="River_02*:*Default">
<Transform>
<Rotation>-0.31704899424289323 0 -0.94840916025182398 0 -1 0 -0.94840916025182398 0 0.31704899424289323</Rotation>
<Translation>0.0033289483092811788 0.0090810625392092233 0.010246542901086928</Translation>
</Transform>
</Instance>
</Instance>
<Instance name="m2x6-9" uid="m2x6-9" entityUid="m2x6*:*91290A013">
<Transform>
<Rotation>0.99998151149868764 -6.3400541236990972e-06 0.0060808404521112578 -6.3400541235324993e-06 0.99999782587644015 0.0020852343265607425 -0.006080840452111257 -0.0020852343265607412 0.99997933737512756</Rotation>
<Translation>-0.027367918291859805 -0.0049137369505667513 0.010406722836085798</Translation>
</Transform>
</Instance>
<Instance name="Rivet-4" uid="Rivet-4" entityUid="Rivet" rigid="true">
<Transform>
<Rotation>-0.99777682652539146 0 -0.06664386280010548 0.06664386280010548 -1.0914856018501915e-16 -0.99777682652539146 0 -1 1.0936833869454056e-16</Rotation>
<Translation>-0.025815546286495076 -0.030892773004472473 0.01597774213724918</Translation>
</Transform>
<Instance name="River_01-1" uid="River_01-1" grounded="true" entityUid="River_01*:*Default">
<Transform>
<Rotation>1 0 0 0 1 0 0 0 1</Rotation>
<Translation>0.0033289483092811822 0.0012410625392092235 0.010246542901086935</Translation>
</Transform>
<VisualProperties>
<Ambient r="0.792156862745098" g="0.81960784313725488" b="0.93333333333333335" a="0.25"/>
<Diffuse r="0.792156862745098" g="0.81960784313725488" b="0.93333333333333335" a="0.25"/>
<Specular r="0.396078431372549" g="0.40980392156862744" b="0.46666666666666667" a="0.25"/>
<Emissive r="0" g="0" b="0" a="0.25"/>
<Shininess>0.40000000596046448</Shininess>
</VisualProperties>
</Instance>
<Instance name="River_02-1" uid="River_02-1" entityUid="River_02*:*Default">
<Transform>
<Rotation>-0.31704899424289312 0 -0.94840916025182409 0 -1 0 -0.94840916025182409 0 0.31704899424289312</Rotation>
<Translation>0.0033289483092811805 0.0090810625392092215 0.010246542901086925</Translation>
</Transform>
</Instance>
</Instance>
<Instance name="sheild-1" uid="sheild-1" entityUid="sheild*:*Default">
<Transform>
<Rotation>-0.32437648660128998 -0.94592806012941755 0 0.94592806012941755 -0.32437648660128998 3.4544156038382433e-16 -3.5079605231694559e-16 0 0.99999999999999978</Rotation>
<Translation>-0.06629335036692377 -0.02644443865441469 -0.056449042087913584</Translation>
</Transform>
</Instance>
<Instance name="m2.5x6-8" uid="m2.5x6-8" entityUid="m2.5x6*:*91290A101">
<Transform>
<Rotation>0 -0.32437648660127816 0.94592806012942166 -6.6613381477509383e-16 0.94592806012942166 0.32437648660127816 -1 -6.4812117940040364e-16 -1.6356859084331688e-16</Rotation>
<Translation>-0.062794640730139795 -0.0030442456877426884 -0.051949042087913573</Translation>
</Transform>
</Instance>
<Instance name="m2.5x6-5" uid="m2.5x6-5" entityUid="m2.5x6*:*91290A101">
<Transform>
<Rotation>0.28091827778705003 -0.16218824330063913 0.94592806012942154 -0.8191977302246134 0.47296403006471033 0.32437648660127866 -0.49999999999999944 -0.86602540378443893 0</Rotation>
<Translation>-0.049170828292886062 -0.042773224213178432 -0.05194904208791358</Translation>
</Transform>
</Instance>
<Instance name="m2.5x6-6" uid="m2.5x6-6" entityUid="m2.5x6*:*91290A101">
<Transform>
<Rotation>0 -0.32437648660127855 0.94592806012942166 -2.7755575615628914e-16 0.94592806012942166 0.32437648660127855 -1 -2.8055429020226104e-16 0</Rotation>
<Translation>-0.049170828292886069 -0.042773224213178397 0.011050957912086441</Translation>
</Transform>
</Instance>
<Instance name="m2.5x6-7" uid="m2.5x6-7" entityUid="m2.5x6*:*91290A101">
<Transform>
<Rotation>-1.6653345369377351e-16 -0.32437648660127932 0.94592806012942143 -2.4980018054066022e-16 0.94592806012942143 0.32437648660127932 -1 -1.8227346358804291e-16 -2.3855797171534865e-16</Rotation>
<Translation>-0.062794640730139822 -0.003044245687742678 0.01105095791208642</Translation>
</Transform>
</Instance>
</Instance>
<Instance name="XL-320_v2-3" uid="XL-320_v2-3" entityUid="XL-320_v2*:*Default">
<Transform>
<Rotation>-1.0548358964209844e-15 -8.3626352178057923e-16 1 -1.0000000000000004 3.4849518538626976e-16 -9.9932474518972476e-16 -3.3201531236448881e-16 -1 -8.0850794616495091e-16</Rotation>
<Translation>-0.018000000000000009 -0.023999999999999917 -0.072000000000000022</Translation>
</Transform>
</Instance>
<Instance name="XL-320_v2-4" uid="XL-320_v2-4" entityUid="XL-320_v2*:*Default">
<Transform>
<Rotation>-1.523850086384679e-15 -1.0668569236898039e-15 0.99999999999999978 -1 -1.6653345369377405e-16 -1.6903835400784536e-15 1.6653345369377348e-16 -1 -1.0668569236898025e-15</Rotation>
<Translation>-0.017999999999999964 0.023999999999999605 -0.0720000000000003</Translation>
</Transform>
</Instance>
<Instance name="Head_v2-1" uid="Head_v2-1" entityUid="Head_v2" rigid="true">
<Transform>
<Rotation>2.9837243786801082e-16 0 1.0000000000000002 1.0000000000000002 0 -2.9837243786801082e-16 0 1 0</Rotation>
<Translation>-0.03864699774835513 -0.0011123251108691549 0.0052648788245901849</Translation>
</Transform>
<Instance name="Camera-1" uid="Camera-1" entityUid="Camera*:*Default">
<Transform>
<Rotation>-1.0000000000000002 1.7069861746392282e-16 0 -1.7069861746392285e-16 -1 4.7878367936959876e-16 0 4.7878367936959896e-16 1.0000000000000002</Rotation>
<Translation>0.00091232511086915659 0.030735121175409792 0.077646997748355151</Translation>
</Transform>
</Instance>
<Instance name="XL-320_v2-2" uid="XL-320_v2-2" grounded="true" entityUid="XL-320_v2*:*Default">
<Transform>
<Rotation>-1 0 0 0 0 -1 0 -1 0</Rotation>
<Translation>0.0011123251108691554 0.030735121175409819 0.044646997748355163</Translation>
</Transform>
</Instance>
<Instance name="Camera_Frame-1" uid="Camera_Frame-1" entityUid="Camera_Frame*:*Default">
<Transform>
<Rotation>1 0 0 0 1 0 0 0 1</Rotation>
<Translation>0.00091232511086915562 0.030735121175409805 0.068646997748355185</Translation>
</Transform>
</Instance>
</Instance>
<Instance name="XL-320_v2-1" uid="XL-320_v2-1" grounded="true" entityUid="XL-320_v2*:*Default">
<Transform>
<Rotation>0 -1 0 0 0 0.99999999999999967 -1 0 0</Rotation>
<Translation>0 0.024 0</Translation>
</Transform>
</Instance>
<Instance name="XL-320_v2-2" uid="XL-320_v2-2" grounded="true" entityUid="XL-320_v2*:*Default">
<Transform>
<Rotation>0 -1.0000000000000002 0 0 0 -1 1.0000000000000002 0 1.110223024625154e-16</Rotation>
<Translation>0 -0.024000000000000042 0</Translation>
</Transform>
</Instance>
<Instance name="Body_v2-1" uid="Body_v2-1" grounded="true" entityUid="Body_v2" rigid="true">
<Transform>
<Rotation>1 0 0 0 1 0 0 0 1</Rotation>
<Translation>0.015000000000000013 0 -0.042000000000000044</Translation>
</Transform>
<Instance name="SPU-5_v2-3" uid="SPU-5_v2-3" entityUid="SPU-5_v2*:*Default">
<Transform>
<Rotation>0 1.1375859119143717e-16 1.0000000000000002 -5.0112634699879899e-16 -1 1.1375859119143714e-16 1.0000000000000002 -5.0112634699879899e-16 0</Rotation>
<Translation>0.0090000000000000011 -0.024000000000000032 0.041999999999999989</Translation>
</Transform>
</Instance>
<Instance name="Darwin-mini_frm_body_v2-1" uid="Darwin-mini_frm_body_v2-1" entityUid="Darwin-mini_frm_body_v2*:*Default">
<Transform>
<Rotation>-1.1375859119143707e-16 0 1.0000000000000002 1 0 1.1375859119143712e-16 0 1.0000000000000002 0</Rotation>
<Translation>0 0 0</Translation>
</Transform>
</Instance>
<Instance name="SPU-5_v2-4" uid="SPU-5_v2-4" entityUid="SPU-5_v2*:*Default">
<Transform>
<Rotation>0 -1.1375859119143707e-16 1.0000000000000002 3.3447044758406576e-16 1 1.1375859119143712e-16 -1.0000000000000002 3.3447044758406571e-16 0</Rotation>
<Translation>0.0089999999999999976 0.023999999999999987 0.042000000000000016</Translation>
</Transform>
</Instance>
<Instance name="Darwin-mini_bat_box_v2-1" uid="Darwin-mini_bat_box_v2-1" entityUid="Darwin-mini_bat_box_v2" rigid="true">
<Transform>
<Rotation>-1.0000000000000002 1.1375859119143699e-16 0 -1.1375859119143697e-16 -1 0 0 0 1.0000000000000002</Rotation>
<Translation>-0.0029999999999999992 0 0.012000000000000004</Translation>
</Transform>
<Instance name="Darwin-mini_bat_box.stp-1" uid="Darwin-mini_bat_box.stp-1" grounded="true" entityUid="Darwin-mini_bat_box.stp" rigid="true">
<Transform>
<Rotation>1 0 0 0 1 0 0 0 1</Rotation>
<Translation>0 0 0</Translation>
</Transform>
<Instance name="DARWIN-MINI_LB-040.stp-1" uid="DARWIN-MINI_LB-040.stp-1" grounded="true" entityUid="DARWIN-MINI_LB-040.stp*:*Default">
<Transform>
<Rotation>1 0 0 0 0 1 0 -1 0</Rotation>
<Translation>0 -9.9999999999999991e-05 -0.0015999999999999973</Translation>
</Transform>
</Instance>
<Instance name="DARWIN-MINI_LBB-040.stp-1" uid="DARWIN-MINI_LBB-040.stp-1" grounded="true" entityUid="DARWIN-MINI_LBB-040.stp*:*Default">
<Transform>
<Rotation>1 0 0 0 1 0 0 0 1</Rotation>
<Translation>0 0 0</Translation>
</Transform>
</Instance>
</Instance>
</Instance>
<Instance name="SPU-5_v2-6" uid="SPU-5_v2-6" entityUid="SPU-5_v2*:*Default">
<Transform>
<Rotation>-6.0775600518671763e-16 1.0000000000000002 0 -1 -6.0775600518671881e-16 0 0 0 1.0000000000000002</Rotation>
<Translation>-0.033000000000000022 -0.023999999999999966 -0.0059999999999999984</Translation>
</Transform>
</Instance>
<Instance name="SPU-5_v2-5" uid="SPU-5_v2-5" entityUid="SPU-5_v2*:*Default">
<Transform>
<Rotation>-2.1530512581402264e-16 1.0000000000000002 0 -1 -2.153051258140222e-16 0 0 0 1.0000000000000002</Rotation>
<Translation>-0.032999999999999974 0.024000000000000021 -0.0060000000000000053</Translation>
</Transform>
</Instance>
<Instance name="Darwin-mini_bat_box_v2-2" uid="Darwin-mini_bat_box_v2-2" entityUid="Darwin-mini_bat_box_v2" rigid="true">
<Transform>
<Rotation>0 -1.1649487992035831e-16 1.0000000000000002 0 1 1.1649487992035833e-16 -1.0000000000000002 0 0</Rotation>
<Translation>-0.036000000000000004 0 0.012000000000000004</Translation>
</Transform>
<Instance name="Darwin-mini_bat_box.stp-1" uid="Darwin-mini_bat_box.stp-1" grounded="true" entityUid="Darwin-mini_bat_box.stp" rigid="true">
<Transform>
<Rotation>1 0 0 0 1 0 0 0 1</Rotation>
<Translation>0 0 0</Translation>
</Transform>
<Instance name="DARWIN-MINI_LB-040.stp-1" uid="DARWIN-MINI_LB-040.stp-1" grounded="true" entityUid="DARWIN-MINI_LB-040.stp*:*Default">
<Transform>
<Rotation>1 0 0 0 0 1 0 -1 0</Rotation>
<Translation>0 -0.00010000000000000002 -0.0016000000000000007</Translation>
</Transform>
</Instance>
<Instance name="DARWIN-MINI_LBB-040.stp-1" uid="DARWIN-MINI_LBB-040.stp-1" grounded="true" entityUid="DARWIN-MINI_LBB-040.stp*:*Default">
<Transform>
<Rotation>1 0 0 0 1 0 0 0 1</Rotation>
<Translation>0 0 0</Translation>
</Transform>
</Instance>
</Instance>
</Instance>
</Instance>
</Instance>
<Instance name="L_arm_01-1" uid="L_arm_01-1" entityUid="L_arm_01" rigid="true">
<Transform>
<Rotation>0.99999999999999978 0 -1.2608611391516206e-16 1.2608611391516221e-16 -1.259427949776086e-16 1 0 -0.99999999999999978 -1.2594279497760835e-16</Rotation>
<Translation>0 0.056999999999999988 0</Translation>
</Transform>
<Instance name="Darwin-mini_frm_ext_01-1" uid="Darwin-mini_frm_ext_01-1" entityUid="Darwin-mini_frm_ext_01*:*Default">
<Transform>
<Rotation>0.99999999999999978 1.2608611391516221e-16 0 0 -1.259427949776086e-16 -0.99999999999999978 -1.2608611391516206e-16 1 -1.2594279497760835e-16</Rotation>
<Translation>0 0.011999999999999993 0</Translation>
</Transform>
</Instance>
</Instance>
<Instance name="R_arm_01-1" uid="R_arm_01-1" entityUid="R_arm_01" rigid="true">
<Transform>
<Rotation>-0.99999999999999989 -2.0816681711721685e-16 -1.8104028139189993e-16 1.8104028139189996e-16 0 -0.99999999999999978 2.0816681711721685e-16 -0.99999999999999989 0</Rotation>
<Translation>0 -0.057000000000000058 0</Translation>
</Transform>
<Instance name="Darwin-mini_frm_ext_01-1" uid="Darwin-mini_frm_ext_01-1" entityUid="Darwin-mini_frm_ext_01*:*Default">
<Transform>
<Rotation>1 0 1.6653345369377373e-16 1.6653345369377373e-16 -1.1102230246251562e-16 -1 0 1 -1.1102230246251562e-16</Rotation>
<Translation>0 0.011999999999999997 0</Translation>
</Transform>
</Instance>
</Instance>
<Instance name="L_arm_03-1" uid="L_arm_03-1" entityUid="L_arm_03" rigid="true">
<Transform>
<Rotation>1 0 0 0 1 0 0 0 1</Rotation>
<Translation>0 0.10199999999999999 -0.012000000000000011</Translation>
</Transform>
<Instance name="hands_L-1" uid="hands_L-1" entityUid="hands_L" rigid="true">
<Transform>
<Rotation>-1.0814718958932179e-16 0 -1 2.4980018054066017e-16 -1 0 -1 -2.4980018054066017e-16 1.0814718958932178e-16</Rotation>
<Translation>0.019000000000000003 0.032970733151987772 -0.00098657876033952582</Translation>
</Transform>
<Instance name="SPU-5-1" uid="SPU-5-1" entityUid="SPU-5*:*Default">
<Transform>
<Rotation>1 0 0 0 0 -1 0 1 0</Rotation>
<Translation>-0.00098657876033952409 0.0089707331519877642 0.019000000000000003</Translation>
</Transform>
</Instance>
<Instance name="SPL-2b2-10" uid="SPL-2b2-10" entityUid="SPL-2b2*:*Default">
<Transform>
<Rotation>0 1 0 1 0 0 0 0 -1</Rotation>
<Translation>-0.0099865787603395217 -0.021029266848012235 0.028000000000000004</Translation>
</Transform>
</Instance>
<Instance name="SPD-9" uid="SPD-9" entityUid="SPD*:*3b5">
<Transform>
<Rotation>0 -1.0000000000000002 0 0 0 1 -1.0000000000000002 0 0</Rotation>
<Translation>0.0080134212396604822 -0.0090292668480122518 0.028000000000000011</Translation>
</Transform>
</Instance>
<Instance name="SP0-5-1" uid="SP0-5-1" grounded="true" entityUid="SP0-5*:*Default">
<Transform>
<Rotation>1 0 0 0 1 0 0 0 1</Rotation>
<Translation>-0.00098657876033952235 0.0014707331519877576 0.019</Translation>
</Transform>
</Instance>
<Instance name="SPL-2b2-1" uid="SPL-2b2-1" entityUid="SPL-2b2*:*Default">
<Transform>
<Rotation>1.0000000000000002 0 0 0 -1 0 0 0 -1.0000000000000002</Rotation>
<Translation>0.0020134212396604803 -0.0030292668480122464 0.028000000000000001</Translation>
</Transform>
</Instance>
<Instance name="SPL-2b2-9" uid="SPL-2b2-9" entityUid="SPL-2b2*:*Default">
<Transform>
<Rotation>0 1 0 1 0 0 0 0 -1</Rotation>
<Translation>-0.0099865787603395234 -0.021029266848012235 0.016</Translation>
</Transform>
</Instance>
<Instance name="SPD-2" uid="SPD-2" entityUid="SPD*:*3b5">
<Transform>
<Rotation>0 -1.0000000000000002 0 0 0 1 -1.0000000000000002 0 0</Rotation>
<Translation>0.0080134212396604856 -0.0030292668480122464 0.028000000000000004</Translation>
</Transform>
</Instance>
<Instance name="SPL-2b2-3" uid="SPL-2b2-3" entityUid="SPL-2b2*:*Default">
<Transform>
<Rotation>0 0 1.0000000000000002 0 -1 0 1.0000000000000002 0 0</Rotation>
<Translation>0.0080134212396604822 -0.0030292668480122464 0.016</Translation>
</Transform>
</Instance>
<Instance name="SPD-1" uid="SPD-1" entityUid="SPD*:*3b3">
<Transform>
<Rotation>1 0 0 0 0 -1 0 1 0</Rotation>
<Translation>-0.003986578760339525 0.0059707331519877616 0.010000000000000002</Translation>
</Transform>
</Instance>
<Instance name="SPD-4" uid="SPD-4" entityUid="SPD*:*4b5">
<Transform>
<Rotation>0 0 -1 1.0000000000000002 -1.3723590165505403e-16 0 -1.3723590165505405e-16 -1.0000000000000002 0</Rotation>
<Translation>-0.012986578760339523 -0.02702926684801224 0.034000000000000002</Translation>
</Transform>
</Instance>
<Instance name="SPL-2b2-8" uid="SPL-2b2-8" entityUid="SPL-2b2*:*Default">
<Transform>
<Rotation>1 0 0 0 1 0 0 0 1</Rotation>
<Translation>0.0020134212396604786 -0.039029266848012223 0.016</Translation>
</Transform>
</Instance>
<Instance name="SPL-2b2-7" uid="SPL-2b2-7" entityUid="SPL-2b2*:*Default">
<Transform>
<Rotation>1 0 0 0 1 0 0 0 1</Rotation>
<Translation>0.0020134212396604786 -0.039029266848012223 0.028000000000000004</Translation>
</Transform>
</Instance>
<Instance name="SPL-2b2-2" uid="SPL-2b2-2" entityUid="SPL-2b2*:*Default">
<Transform>
<Rotation>1.0000000000000002 0 -3.3306690738754696e-16 0 -1 0 -3.3306690738754696e-16 0 -1.0000000000000002</Rotation>
<Translation>0.0020134212396604803 -0.0030292668480122464 0.015999999999999993</Translation>
</Transform>
</Instance>
</Instance>
<Instance name="XL-320-4" uid="XL-320-4" entityUid="XL-320*:*Default">
<Transform>
<Rotation>0 0 1 1.1102230246251565e-16 -1 0 1 1.1102230246251565e-16 0</Rotation>
<Translation>0 0 0</Translation>
</Transform>
</Instance>
<Instance name="SP0-5-1" uid="SP0-5-1" entityUid="SP0-5*:*Default">
<Transform>
<Rotation>0 1 0 -0.70710678118654791 -1.1102230246251565e-16 0.70710678118654735 0.70710678118654746 -2.7755575615628914e-16 0.70710678118654779</Rotation>
<Translation>-0.0135 0 0</Translation>
</Transform>
</Instance>
</Instance>
<Instance name="L_leg_04-1" uid="L_leg_04-1" entityUid="L_leg_04" rigid="true">
<Transform>
<Rotation>-1.5265566588595902e-15 1.5163145450549406e-15 1.0000000000000002 -3.2094905232261022e-15 1 -1.5163145450549453e-15 -1.0000000000000002 -3.2094905232261038e-15 -1.5265566588595902e-15</Rotation>
<Translation>0.014999999999999881 0.023999999999999567 -0.16500000000000023</Translation>
</Transform>
<Instance name="Darwin-mini_plate_cnvt_3x5-2" uid="Darwin-mini_plate_cnvt_3x5-2" entityUid="Darwin-mini_plate_cnvt_3x5*:*Default">
<Transform>
<Rotation>-1.0000000000000002 -2.9619372166866141e-16 -2.6090241078691175e-15 -2.6090241078691167e-15 0 1 -2.9619372166866614e-16 1.0000000000000002 0</Rotation>
<Translation>0 0 -0.016500000000000015</Translation>
</Transform>
</Instance>
<Instance name="SP0-5-3" uid="SP0-5-3" entityUid="SP0-5*:*Default">
<Transform>
<Rotation>0.70710678118646586 -2.8989398751371515e-15 0.70710678118662906 2.0457012395374237e-15 1 2.0540188483857019e-15 -0.70710678118662906 0 0.70710678118646586</Rotation>
<Translation>0 0.013499999999999995 0</Translation>
</Transform>
</Instance>
<Instance name="SPD-1" uid="SPD-1" entityUid="SPD*:*3b7">
<Transform>
<Rotation>-1.0000000000000002 3.4694469519536106e-15 0 -3.4694469519536099e-15 -1 0 0 0 1.0000000000000002</Rotation>
<Translation>0.0089999999999999802 0.0090000000000000253 -0.01500000000000001</Translation>
</Transform>
</Instance>
<Instance name="XL-320-2" uid="XL-320-2" entityUid="XL-320*:*Default">
<Transform>
<Rotation>3.661820885499488e-16 1.0000000000000002 3.6637359812630166e-15 0 3.6637359812630158e-15 -1 -1.0000000000000002 3.6618208854995354e-16 0</Rotation>
<Translation>0 0 0</Translation>
</Transform>
</Instance>
</Instance>
<Instance name="L_leg_02-1" uid="L_leg_02-1" entityUid="L_leg_02" rigid="true">
<Transform>
<Rotation>-1 1.4085954624931674e-15 1.4275551113992473e-15 1.4275551113992471e-15 1.4981986143199676e-16 1 1.3981871216373065e-15 1 -1.4981986143199878e-16</Rotation>
<Translation>0.015000000000000027 0.023999999999999574 -0.078000000000000291</Translation>
</Transform>
<Instance name="SP0-5-2" uid="SP0-5-2" entityUid="SP0-5*:*Default">
<Transform>
<Rotation>0.92403089899484014 1.8127879841752528e-16 -0.3823177967382469 -0.38231779673824695 0 -0.92403089899484003 0 1 0</Rotation>
<Translation>0 -0.045000000000000026 0.013500000000000005</Translation>
</Transform>
</Instance>
<Instance name="Darwin-mini_frm_ext_02-1" uid="Darwin-mini_frm_ext_02-1" entityUid="Darwin-mini_frm_ext_02*:*Default">
<Transform>
<Rotation>-1.1312405646254091e-16 1.0061396160665501e-16 -1 0 1.0000000000000002 2.3245294578089195e-16 1 0 -1.1312405646254007e-16</Rotation>
<Translation>0 0 0</Translation>
</Transform>
</Instance>
<Instance name="XL-320-3" uid="XL-320-3" entityUid="XL-320*:*Default">
<Transform>
<Rotation>1 -1.6653345369377348e-16 1.1312405646254071e-16 -1.7694179454963393e-16 -1 0 1.1312405646254027e-16 0 -1</Rotation>
<Translation>0 -0.045000000000000012 0</Translation>
</Transform>
</Instance>
</Instance>
<Instance name="R_arm_02-1" uid="R_arm_02-1" entityUid="R_arm_02" rigid="true">
<Transform>
<Rotation>-1 -1.2468324983583294e-16 5.863365348801607e-16 1.2468324983583299e-16 -1 0 5.863365348801607e-16 0 1</Rotation>
<Translation>0 -0.057000000000000044 -0.011999999999999997</Translation>
</Transform>
<Instance name="Darwin-mini_frm_ext_02-1" uid="Darwin-mini_frm_ext_02-1" entityUid="Darwin-mini_frm_ext_02*:*Default">
<Transform>
<Rotation>1 0 0 0 1 0 0 0 1</Rotation>
<Translation>0 0.044999999999999478 1.1518563880485999e-15</Translation>
</Transform>
</Instance>
<Instance name="XL-320-2" uid="XL-320-2" entityUid="XL-320*:*Default">
<Transform>
<Rotation>-1.2224550428246029e-16 0 -0.99999999999999978 0 -0.99999999999999989 0 -0.99999999999999989 0 1.2224550428246019e-16</Rotation>
<Translation>0 0 0</Translation>
</Transform>
</Instance>
<Instance name="SP0-5-2" uid="SP0-5-2" entityUid="SP0-5*:*Default">
<Transform>
<Rotation>2.5978681687064831e-16 -1 2.5978681687064979e-16 0.70710678118654735 0 -0.70710678118654791 0.70710678118654791 3.6739403974420761e-16 0.70710678118654735</Rotation>
<Translation>0.013499999999999986 0 0</Translation>
</Transform>
</Instance>
</Instance>
<Instance name="R_arm_03-1" uid="R_arm_03-1" entityUid="R_arm_03" rigid="true">
<Transform>
<Rotation>-1 0 1.0298119011359502e-16 0 -1 0 1.0298119011359499e-16 0 1</Rotation>
<Translation>0 -0.10199999999999952 -0.01199999999999885</Translation>
</Transform>
<Instance name="hands_R-1" uid="hands_R-1" entityUid="hands_R" rigid="true">
<Transform>
<Rotation>-9.7112762081807509e-16 -2.3592239273284572e-16 -1 -1.2480037951361101e-15 -1 2.3592239273284591e-16 -1 1.2480037951361099e-15 9.7112762081807449e-16</Rotation>
<Translation>0.019000000000000006 0.032970733151987744 -0.00098657876033956399</Translation>
</Transform>
<Instance name="SPD-2" uid="SPD-2" entityUid="SPD*:*3b5">
<Transform>
<Rotation>0 -1.0000000000000002 0 0 0 1 -1.0000000000000002 0 0</Rotation>
<Translation>0.0080134212396604856 -0.0030292668480122464 0.028000000000000004</Translation>
</Transform>
</Instance>
<Instance name="SP0-5-1" uid="SP0-5-1" grounded="true" entityUid="SP0-5*:*Default">
<Transform>
<Rotation>1 0 0 0 1 0 0 0 1</Rotation>
<Translation>-0.00098657876033952235 0.0014707331519877576 0.018999999999999996</Translation>
</Transform>
</Instance>
<Instance name="SPU-5-1" uid="SPU-5-1" entityUid="SPU-5*:*Default">
<Transform>
<Rotation>1 0 0 0 0 -1 0 1 0</Rotation>
<Translation>-0.00098657876033952409 0.0089707331519877365 0.019000000000000003</Translation>
</Transform>
</Instance>
<Instance name="SPD-1" uid="SPD-1" entityUid="SPD*:*3b3">
<Transform>
<Rotation>1 0 0 0 0 -1 0 1 0</Rotation>
<Translation>-0.003986578760339525 0.0059707331519877616 0.0099999999999999985</Translation>
</Transform>
</Instance>
<Instance name="SPD-4" uid="SPD-4" entityUid="SPD*:*4b5">
<Transform>
<Rotation>0 0 -1 1.0000000000000002 -1.3723590165505511e-16 0 -1.3723590165505297e-16 -1.0000000000000002 0</Rotation>
<Translation>-0.012986578760339519 -0.02702926684801224 0.028000000000000008</Translation>
</Transform>
</Instance>
<Instance name="SPL-2b2-7" uid="SPL-2b2-7" entityUid="SPL-2b2*:*Default">
<Transform>
<Rotation>1 0 0 0 1 0 0 0 1</Rotation>
<Translation>0.0020134212396604803 -0.039029266848012251 0.022000000000000006</Translation>
</Transform>
</Instance>
<Instance name="SPL-2b2-9" uid="SPL-2b2-9" entityUid="SPL-2b2*:*Default">
<Transform>
<Rotation>0 1 0 1 0 0 0 0 -1</Rotation>
<Translation>-0.0099865787603395217 -0.021029266848012235 0.010000000000000002</Translation>
</Transform>
</Instance>
<Instance name="SPL-2b2-10" uid="SPL-2b2-10" entityUid="SPL-2b2*:*Default">
<Transform>
<Rotation>0 1 0 1 0 0 0 0 -1</Rotation>
<Translation>-0.0099865787603395182 -0.021029266848012235 0.022000000000000006</Translation>
</Transform>
</Instance>
<Instance name="SPL-2b2-2" uid="SPL-2b2-2" entityUid="SPL-2b2*:*Default">
<Transform>
<Rotation>1.0000000000000002 0 -3.3306690738754726e-16 0 -1 0 -3.3306690738754667e-16 0 -1.0000000000000002</Rotation>
<Translation>0.0020134212396604786 -0.0030292668480122464 0.0099999999999999985</Translation>
</Transform>
</Instance>
<Instance name="SPL-2b2-1" uid="SPL-2b2-1" entityUid="SPL-2b2*:*Default">
<Transform>
<Rotation>1.0000000000000002 0 0 0 -1 0 0 0 -1.0000000000000002</Rotation>
<Translation>0.0020134212396604838 -0.0030292668480122464 0.022000000000000002</Translation>
</Transform>
</Instance>
<Instance name="SPD-9" uid="SPD-9" entityUid="SPD*:*3b5">
<Transform>
<Rotation>0 -1.0000000000000002 0 0 0 1 -1.0000000000000002 0 0</Rotation>
<Translation>0.0080134212396604822 -0.0090292668480122518 0.028000000000000008</Translation>
</Transform>
</Instance>
<Instance name="SPL-2b2-8" uid="SPL-2b2-8" entityUid="SPL-2b2*:*Default">
<Transform>
<Rotation>1 0 0 0 1 0 0 0 1</Rotation>
<Translation>0.0020134212396604786 -0.039029266848012251 0.010000000000000002</Translation>
</Transform>
</Instance>
<Instance name="SPL-2b2-11" uid="SPL-2b2-11" entityUid="SPL-2b2*:*Default">
<Transform>
<Rotation>3.7816971776294365e-16 0 -1.0000000000000002 0 -1 0 -1.0000000000000002 0 -3.7816971776294414e-16</Rotation>
<Translation>0.0080134212396604856 -0.0030292668480122464 0.021999999999999999</Translation>
</Transform>
</Instance>
</Instance>
<Instance name="SP0-5-1" uid="SP0-5-1" entityUid="SP0-5*:*Default">
<Transform>
<Rotation>-1.0038739392005808e-16 -0.99999999999999989 0 -0.61983245916838514 0 -0.78473417318304173 0.78473417318304184 -1.1963566674046862e-16 -0.61983245916838503</Rotation>
<Translation>0.013499999999999996 0 0</Translation>
</Transform>
</Instance>
<Instance name="XL-320-1" uid="XL-320-1" entityUid="XL-320*:*Default">
<Transform>
<Rotation>1.2246467991473522e-16 0 -0.99999999999999989 0 -0.99999999999999989 0 -1 0 -1.2246467991473515e-16</Rotation>
<Translation>0 0 0</Translation>
</Transform>
</Instance>
</Instance>
<Instance name="L_leg_01-1" uid="L_leg_01-1" entityUid="L_leg_01" rigid="true">
<Transform>
<Rotation>-1.3588616756304977e-15 1.5417695831867224e-15 0.99999999999999989 -2.886579864025407e-15 1 -1.541769583186726e-15 -0.99999999999999989 -2.8310687127941492e-15 -1.3588616756304934e-15</Rotation>
<Translation>0.015000000000000036 0.023999999999999577 -0.072000000000000272</Translation>
</Transform>
<Instance name="SP0-5-1" uid="SP0-5-1" entityUid="SP0-5*:*Default">
<Transform>
<Rotation>0.70710678118654924 -2.6916554498809077e-15 0.70710678118654569 1.8225771342188982e-15 1 1.9839985082381365e-15 -0.70710678118654569 -1.141421481974605e-16 0.70710678118654924</Rotation>
<Translation>0.0059999999999999776 0.013500000000000012 0</Translation>
</Transform>
</Instance>
<Instance name="XL-320-4" uid="XL-320-4" entityUid="XL-320*:*Default">
<Transform>
<Rotation>1.7969860362934983e-16 0.99999999999999978 2.8865798640254078e-15 1.5433424723455613e-16 2.7755575615628882e-15 -1 -0.99999999999999978 1.7969860362935043e-16 -1.5433424723455591e-16</Rotation>
<Translation>0.0060000000000000192 0 0</Translation>
</Transform>
</Instance>
<Instance name="SPU-5-1" uid="SPU-5-1" entityUid="SPU-5*:*Default">
<Transform>
<Rotation>5.4008958162502047e-16 2.8310687127941484e-15 -0.99999999999999978 1.5433424723455083e-16 -1 -2.7200464103316284e-15 -0.99999999999999978 -1.5433424723454947e-16 -5.4008958162502126e-16</Rotation>
<Translation>-0.017999999999999981 0 0</Translation>
</Transform>
</Instance>
